ship_roll	ship_pitch	ship_yaw	d1	theta2	theta3	d4	theta5	theta6	theta7	catcher	x	y	z	drone_roll	drone_pitch	drone_yaw
0	0	0	50	0	90	50	0	0	0	0	400	-750	0	0	0	0
0	0	0	50.25	0	90	50	0	0	0	0	400	-750	0	0	0	0
0	0	0	50.5	0	90	50	0	0	0	0	400	-750	0	0	0	0
0	0	0	50.75	0	90	50	0	0	0	0	400	-750	0	0	0	0
0	0	0	51	0	90	50	0	0	0	0	400	-750	0	0	0	0
0	0	0	51.25	0	90	50	0	0	0	0	400	-750	0	0	0	0
0	0	0	51.5	0	90	50	0	0	0	0	400	-750	0	0	0	0
0	0	0	51.75	0	90	50	0	0	0	0	400	-750	0	0	0	0
0	0	0	52	0	90	50	0	0	0	0	400	-750	0	0	0	0
0	0	0	52.25	0	90	50	0	0	0	0	400	-750	0	0	0	0
0	0	0	52.5	0	90	50	0	0	0	0	400	-750	0	0	0	0
0	0	0	52.75	0	90	50	0	0	0	0	400	-750	0	0	0	0
0	0	0	53	0	90	50	0	0	0	0	400	-750	0	0	0	0
0	0	0	53.25	0	90	50	0	0	0	0	400	-750	0	0	0	0
0	0	0	53.5	0	90	50	0	0	0	0	400	-750	0	0	0	0
0	0	0	53.75	0	90	50	0	0	0	0	400	-750	0	0	0	0
0	0	0	54	0	90	50	0	0	0	0	400	-750	0	0	0	0
0	0	0	54.25	0	90	50	0	0	0	0	400	-750	0	0	0	0
0	0	0	54.5	0	90	50	0	0	0	0	400	-750	0	0	0	0
0	0	0	54.75	0	90	50	0	0	0	0	400	-750	0	0	0	0
0	0	0	55	0	90	50	0	0	0	0	400	-750	0	0	0	0
0	0	0	55.25	0	90	50	0	0	0	0	400	-750	0	0	0	0
0	0	0	55.5	0	90	50	0	0	0	0	400	-750	0	0	0	0
0	0	0	55.75	0	90	50	0	0	0	0	400	-750	0	0	0	0
0	0	0	56	0	90	50	0	0	0	0	400	-750	0	0	0	0
0	0	0	56.25	0	90	50	0	0	0	0	400	-750	0	0	0	0
0	0	0	56.5	0	90	50	0	0	0	0	400	-750	0	0	0	0
0	0	0	56.75	0	90	50	0	0	0	0	400	-750	0	0	0	0
0	0	0	57	0	90	50	0	0	0	0	400	-750	0	0	0	0
0	0	0	57.25	0	90	50	0	0	0	0	400	-750	0	0	0	0
0	0	0	57.5	0	90	50	0	0	0	0	400	-750	0	0	0	0
0	0	0	57.75	0	90	50	0	0	0	0	400	-750	0	0	0	0
0	0	0	58	0	90	50	0	0	0	0	400	-750	0	0	0	0
0	0	0	58.25	0	90	50	0	0	0	0	400	-750	0	0	0	0
0	0	0	58.5	0	90	50	0	0	0	0	400	-750	0	0	0	0
0	0	0	58.75	0	90	50	0	0	0	0	400	-750	0	0	0	0
0	0	0	59	0	90	50	0	0	0	0	400	-750	0	0	0	0
0	0	0	59.25	0	90	50	0	0	0	0	400	-750	0	0	0	0
0	0	0	59.5	0	90	50	0	0	0	0	400	-750	0	0	0	0
0	0	0	59.75	0	90	50	0	0	0	0	400	-750	0	0	0	0
0	0	0	60	0	90	50	0	0	0	0	400	-750	0	0	0	0
0	0	0	60.25	0	90	50	0	0	0	0	400	-750	0	0	0	0
0	0	0	60.5	0	90	50	0	0	0	0	400	-750	0	0	0	0
0	0	0	60.75	0	90	50	0	0	0	0	400	-750	0	0	0	0
0	0	0	61	0	90	50	0	0	0	0	400	-750	0	0	0	0
0	0	0	61.25	0	90	50	0	0	0	0	400	-750	0	0	0	0
0	0	0	61.5	0	90	50	0	0	0	0	400	-750	0	0	0	0
0	0	0	61.75	0	90	50	0	0	0	0	400	-750	0	0	0	0
0	0	0	62	0	90	50	0	0	0	0	400	-750	0	0	0	0
0	0	0	62.25	0	90	50	0	0	0	0	400	-750	0	0	0	0
0	0	0	62.5	0	90	50	0	0	0	0	400	-750	0	0	0	0
0	0	0	62.75	0	90	50	0	0	0	0	400	-750	0	0	0	0
0	0	0	63	0	90	50	0	0	0	0	400	-750	0	0	0	0
0	0	0	63.25	0	90	50	0	0	0	0	400	-750	0	0	0	0
0	0	0	63.5	0	90	50	0	0	0	0	400	-750	0	0	0	0
0	0	0	63.75	0	90	50	0	0	0	0	400	-750	0	0	0	0
0	0	0	64	0	90	50	0	0	0	0	400	-750	0	0	0	0
0	0	0	64.25	0	90	50	0	0	0	0	400	-750	0	0	0	0
0	0	0	64.5	0	90	50	0	0	0	0	400	-750	0	0	0	0
0	0	0	64.75	0	90	50	0	0	0	0	400	-750	0	0	0	0
0	0	0	65	0	90	50	0	0	0	0	400	-750	0	0	0	0
0	0	0	65.25	0	90	50	0	0	0	0	400	-750	0	0	0	0
0	0	0	65.5	0	90	50	0	0	0	0	400	-750	0	0	0	0
0	0	0	65.75	0	90	50	0	0	0	0	400	-750	0	0	0	0
0	0	0	66	0	90	50	0	0	0	0	400	-750	0	0	0	0
0	0	0	66.25	0	90	50	0	0	0	0	400	-750	0	0	0	0
0	0	0	66.5	0	90	50	0	0	0	0	400	-750	0	0	0	0
0	0	0	66.75	0	90	50	0	0	0	0	400	-750	0	0	0	0
0	0	0	67	0	90	50	0	0	0	0	400	-750	0	0	0	0
0	0	0	67.25	0	90	50	0	0	0	0	400	-750	0	0	0	0
0	0	0	67.5	0	90	50	0	0	0	0	400	-750	0	0	0	0
0	0	0	67.75	0	90	50	0	0	0	0	400	-750	0	0	0	0
0	0	0	68	0	90	50	0	0	0	0	400	-750	0	0	0	0
0	0	0	68.25	0	90	50	0	0	0	0	400	-750	0	0	0	0
0	0	0	68.5	0	90	50	0	0	0	0	400	-750	0	0	0	0
0	0	0	68.75	0	90	50	0	0	0	0	400	-750	0	0	0	0
0	0	0	69	0	90	50	0	0	0	0	400	-750	0	0	0	0
0	0	0	69.25	0	90	50	0	0	0	0	400	-750	0	0	0	0
0	0	0	69.5	0	90	50	0	0	0	0	400	-750	0	0	0	0
0	0	0	69.75	0	90	50	0	0	0	0	400	-750	0	0	0	0
0	0	0	70	0	90	50	0	0	0	0	400	-750	0	0	0	0
0	0	0	70.25	0	90	50	0	0	0	0	400	-750	0	0	0	0
0	0	0	70.5	0	90	50	0	0	0	0	400	-750	0	0	0	0
0	0	0	70.75	0	90	50	0	0	0	0	400	-750	0	0	0	0
0	0	0	71	0	90	50	0	0	0	0	400	-750	0	0	0	0
0	0	0	71.25	0	90	50	0	0	0	0	400	-750	0	0	0	0
0	0	0	71.5	0	90	50	0	0	0	0	400	-750	0	0	0	0
0	0	0	71.75	0	90	50	0	0	0	0	400	-750	0	0	0	0
0	0	0	72	0	90	50	0	0	0	0	400	-750	0	0	0	0
0	0	0	72.25	0	90	50	0	0	0	0	400	-750	0	0	0	0
0	0	0	72.5	0	90	50	0	0	0	0	400	-750	0	0	0	0
0	0	0	72.75	0	90	50	0	0	0	0	400	-750	0	0	0	0
0	0	0	73	0	90	50	0	0	0	0	400	-750	0	0	0	0
0	0	0	73.25	0	90	50	0	0	0	0	400	-750	0	0	0	0
0	0	0	73.5	0	90	50	0	0	0	0	400	-750	0	0	0	0
0	0	0	73.75	0	90	50	0	0	0	0	400	-750	0	0	0	0
0	0	0	74	0	90	50	0	0	0	0	400	-750	0	0	0	0
0	0	0	74.25	0	90	50	0	0	0	0	400	-750	0	0	0	0
0	0	0	74.5	0	90	50	0	0	0	0	400	-750	0	0	0	0
0	0	0	74.75	0	90	50	0	0	0	0	400	-750	0	0	0	0
0	0	0	75	0	90	50	0	0	0	0	400	-750	0	0	0	0
0	0	0	75	0	90	50	0	0	0	0	400	-750	0	0	0	0
0	0	0	74.7524752475248	0	90	50	0	0	0	0	400	-750	0	0	0	0
0	0	0	74.5049504950495	0	90	50	0	0	0	0	400	-750	0	0	0	0
0	0	0	74.2574257425743	0	90	50	0	0	0	0	400	-750	0	0	0	0
0	0	0	74.009900990099	0	90	50	0	0	0	0	400	-750	0	0	0	0
0	0	0	73.7623762376238	0	90	50	0	0	0	0	400	-750	0	0	0	0
0	0	0	73.5148514851485	0	90	50	0	0	0	0	400	-750	0	0	0	0
0	0	0	73.2673267326733	0	90	50	0	0	0	0	400	-750	0	0	0	0
0	0	0	73.019801980198	0	90	50	0	0	0	0	400	-750	0	0	0	0
0	0	0	72.7722772277228	0	90	50	0	0	0	0	400	-750	0	0	0	0
0	0	0	72.5247524752475	0	90	50	0	0	0	0	400	-750	0	0	0	0
0	0	0	72.2772277227723	0	90	50	0	0	0	0	400	-750	0	0	0	0
0	0	0	72.029702970297	0	90	50	0	0	0	0	400	-750	0	0	0	0
0	0	0	71.7821782178218	0	90	50	0	0	0	0	400	-750	0	0	0	0
0	0	0	71.5346534653465	0	90	50	0	0	0	0	400	-750	0	0	0	0
0	0	0	71.2871287128713	0	90	50	0	0	0	0	400	-750	0	0	0	0
0	0	0	71.039603960396	0	90	50	0	0	0	0	400	-750	0	0	0	0
0	0	0	70.7920792079208	0	90	50	0	0	0	0	400	-750	0	0	0	0
0	0	0	70.5445544554455	0	90	50	0	0	0	0	400	-750	0	0	0	0
0	0	0	70.2970297029703	0	90	50	0	0	0	0	400	-750	0	0	0	0
0	0	0	70.049504950495	0	90	50	0	0	0	0	400	-750	0	0	0	0
0	0	0	69.8019801980198	0	90	50	0	0	0	0	400	-750	0	0	0	0
0	0	0	69.5544554455445	0	90	50	0	0	0	0	400	-750	0	0	0	0
0	0	0	69.3069306930693	0	90	50	0	0	0	0	400	-750	0	0	0	0
0	0	0	69.0594059405941	0	90	50	0	0	0	0	400	-750	0	0	0	0
0	0	0	68.8118811881188	0	90	50	0	0	0	0	400	-750	0	0	0	0
0	0	0	68.5643564356436	0	90	50	0	0	0	0	400	-750	0	0	0	0
0	0	0	68.3168316831683	0	90	50	0	0	0	0	400	-750	0	0	0	0
0	0	0	68.0693069306931	0	90	50	0	0	0	0	400	-750	0	0	0	0
0	0	0	67.8217821782178	0	90	50	0	0	0	0	400	-750	0	0	0	0
0	0	0	67.5742574257426	0	90	50	0	0	0	0	400	-750	0	0	0	0
0	0	0	67.3267326732673	0	90	50	0	0	0	0	400	-750	0	0	0	0
0	0	0	67.0792079207921	0	90	50	0	0	0	0	400	-750	0	0	0	0
0	0	0	66.8316831683168	0	90	50	0	0	0	0	400	-750	0	0	0	0
0	0	0	66.5841584158416	0	90	50	0	0	0	0	400	-750	0	0	0	0
0	0	0	66.3366336633663	0	90	50	0	0	0	0	400	-750	0	0	0	0
0	0	0	66.0891089108911	0	90	50	0	0	0	0	400	-750	0	0	0	0
0	0	0	65.8415841584158	0	90	50	0	0	0	0	400	-750	0	0	0	0
0	0	0	65.5940594059406	0	90	50	0	0	0	0	400	-750	0	0	0	0
0	0	0	65.3465346534653	0	90	50	0	0	0	0	400	-750	0	0	0	0
0	0	0	65.0990099009901	0	90	50	0	0	0	0	400	-750	0	0	0	0
0	0	0	64.8514851485149	0	90	50	0	0	0	0	400	-750	0	0	0	0
0	0	0	64.6039603960396	0	90	50	0	0	0	0	400	-750	0	0	0	0
0	0	0	64.3564356435644	0	90	50	0	0	0	0	400	-750	0	0	0	0
0	0	0	64.1089108910891	0	90	50	0	0	0	0	400	-750	0	0	0	0
0	0	0	63.8613861386139	0	90	50	0	0	0	0	400	-750	0	0	0	0
0	0	0	63.6138613861386	0	90	50	0	0	0	0	400	-750	0	0	0	0
0	0	0	63.3663366336634	0	90	50	0	0	0	0	400	-750	0	0	0	0
0	0	0	63.1188118811881	0	90	50	0	0	0	0	400	-750	0	0	0	0
0	0	0	62.8712871287129	0	90	50	0	0	0	0	400	-750	0	0	0	0
0	0	0	62.6237623762376	0	90	50	0	0	0	0	400	-750	0	0	0	0
0	0	0	62.3762376237624	0	90	50	0	0	0	0	400	-750	0	0	0	0
0	0	0	62.1287128712871	0	90	50	0	0	0	0	400	-750	0	0	0	0
0	0	0	61.8811881188119	0	90	50	0	0	0	0	400	-750	0	0	0	0
0	0	0	61.6336633663366	0	90	50	0	0	0	0	400	-750	0	0	0	0
0	0	0	61.3861386138614	0	90	50	0	0	0	0	400	-750	0	0	0	0
0	0	0	61.1386138613861	0	90	50	0	0	0	0	400	-750	0	0	0	0
0	0	0	60.8910891089109	0	90	50	0	0	0	0	400	-750	0	0	0	0
0	0	0	60.6435643564356	0	90	50	0	0	0	0	400	-750	0	0	0	0
0	0	0	60.3960396039604	0	90	50	0	0	0	0	400	-750	0	0	0	0
0	0	0	60.1485148514851	0	90	50	0	0	0	0	400	-750	0	0	0	0
0	0	0	59.9009900990099	0	90	50	0	0	0	0	400	-750	0	0	0	0
0	0	0	59.6534653465347	0	90	50	0	0	0	0	400	-750	0	0	0	0
0	0	0	59.4059405940594	0	90	50	0	0	0	0	400	-750	0	0	0	0
0	0	0	59.1584158415842	0	90	50	0	0	0	0	400	-750	0	0	0	0
0	0	0	58.9108910891089	0	90	50	0	0	0	0	400	-750	0	0	0	0
0	0	0	58.6633663366337	0	90	50	0	0	0	0	400	-750	0	0	0	0
0	0	0	58.4158415841584	0	90	50	0	0	0	0	400	-750	0	0	0	0
0	0	0	58.1683168316832	0	90	50	0	0	0	0	400	-750	0	0	0	0
0	0	0	57.9207920792079	0	90	50	0	0	0	0	400	-750	0	0	0	0
0	0	0	57.6732673267327	0	90	50	0	0	0	0	400	-750	0	0	0	0
0	0	0	57.4257425742574	0	90	50	0	0	0	0	400	-750	0	0	0	0
0	0	0	57.1782178217822	0	90	50	0	0	0	0	400	-750	0	0	0	0
0	0	0	56.9306930693069	0	90	50	0	0	0	0	400	-750	0	0	0	0
0	0	0	56.6831683168317	0	90	50	0	0	0	0	400	-750	0	0	0	0
0	0	0	56.4356435643564	0	90	50	0	0	0	0	400	-750	0	0	0	0
0	0	0	56.1881188118812	0	90	50	0	0	0	0	400	-750	0	0	0	0
0	0	0	55.9405940594059	0	90	50	0	0	0	0	400	-750	0	0	0	0
0	0	0	55.6930693069307	0	90	50	0	0	0	0	400	-750	0	0	0	0
0	0	0	55.4455445544554	0	90	50	0	0	0	0	400	-750	0	0	0	0
0	0	0	55.1980198019802	0	90	50	0	0	0	0	400	-750	0	0	0	0
0	0	0	54.950495049505	0	90	50	0	0	0	0	400	-750	0	0	0	0
0	0	0	54.7029702970297	0	90	50	0	0	0	0	400	-750	0	0	0	0
0	0	0	54.4554455445545	0	90	50	0	0	0	0	400	-750	0	0	0	0
0	0	0	54.2079207920792	0	90	50	0	0	0	0	400	-750	0	0	0	0
0	0	0	53.960396039604	0	90	50	0	0	0	0	400	-750	0	0	0	0
0	0	0	53.7128712871287	0	90	50	0	0	0	0	400	-750	0	0	0	0
0	0	0	53.4653465346535	0	90	50	0	0	0	0	400	-750	0	0	0	0
0	0	0	53.2178217821782	0	90	50	0	0	0	0	400	-750	0	0	0	0
0	0	0	52.970297029703	0	90	50	0	0	0	0	400	-750	0	0	0	0
0	0	0	52.7227722772277	0	90	50	0	0	0	0	400	-750	0	0	0	0
0	0	0	52.4752475247525	0	90	50	0	0	0	0	400	-750	0	0	0	0
0	0	0	52.2277227722772	0	90	50	0	0	0	0	400	-750	0	0	0	0
0	0	0	51.980198019802	0	90	50	0	0	0	0	400	-750	0	0	0	0
0	0	0	51.7326732673267	0	90	50	0	0	0	0	400	-750	0	0	0	0
0	0	0	51.4851485148515	0	90	50	0	0	0	0	400	-750	0	0	0	0
0	0	0	51.2376237623762	0	90	50	0	0	0	0	400	-750	0	0	0	0
0	0	0	50.990099009901	0	90	50	0	0	0	0	400	-750	0	0	0	0
0	0	0	50.7425742574257	0	90	50	0	0	0	0	400	-750	0	0	0	0
0	0	0	50.4950495049505	0	90	50	0	0	0	0	400	-750	0	0	0	0
0	0	0	50.2475247524752	0	90	50	0	0	0	0	400	-750	0	0	0	0
0	0	0	50	0	90	50	0	0	0	0	400	-750	0	0	0	0
0	0	0	50	0	90	50	0	0	0	0	400	-750	0	0	0	0
0	0	0	50	-3.52941176470588	90	50	0	0	0	0	400	-750	0	0	0	0
0	0	0	50	-7.05882352941176	90	50	0	0	0	0	400	-750	0	0	0	0
0	0	0	50	-10.5882352941176	90	50	0	0	0	0	400	-750	0	0	0	0
0	0	0	50	-14.1176470588235	90	50	0	0	0	0	400	-750	0	0	0	0
0	0	0	50	-17.6470588235294	90	50	0	0	0	0	400	-750	0	0	0	0
0	0	0	50	-21.1764705882353	90	50	0	0	0	0	400	-750	0	0	0	0
0	0	0	50	-24.7058823529412	90	50	0	0	0	0	400	-750	0	0	0	0
0	0	0	50	-28.2352941176471	90	50	0	0	0	0	400	-750	0	0	0	0
0	0	0	50	-31.7647058823529	90	50	0	0	0	0	400	-750	0	0	0	0
0	0	0	50	-35.2941176470588	90	50	0	0	0	0	400	-750	0	0	0	0
0	0	0	50	-38.8235294117647	90	50	0	0	0	0	400	-750	0	0	0	0
0	0	0	50	-42.3529411764706	90	50	0	0	0	0	400	-750	0	0	0	0
0	0	0	50	-45.8823529411765	90	50	0	0	0	0	400	-750	0	0	0	0
0	0	0	50	-49.4117647058824	90	50	0	0	0	0	400	-750	0	0	0	0
0	0	0	50	-52.9411764705882	90	50	0	0	0	0	400	-750	0	0	0	0
0	0	0	50	-56.4705882352941	90	50	0	0	0	0	400	-750	0	0	0	0
0	0	0	50	-60	90	50	0	0	0	0	400	-750	0	0	0	0
0	0	0	50	-63.5294117647059	90	50	0	0	0	0	400	-750	0	0	0	0
0	0	0	50	-67.0588235294118	90	50	0	0	0	0	400	-750	0	0	0	0
0	0	0	50	-70.5882352941177	90	50	0	0	0	0	400	-750	0	0	0	0
0	0	0	50	-74.1176470588235	90	50	0	0	0	0	400	-750	0	0	0	0
0	0	0	50	-77.6470588235294	90	50	0	0	0	0	400	-750	0	0	0	0
0	0	0	50	-81.1764705882353	90	50	0	0	0	0	400	-750	0	0	0	0
0	0	0	50	-84.7058823529412	90	50	0	0	0	0	400	-750	0	0	0	0
0	0	0	50	-88.2352941176471	90	50	0	0	0	0	400	-750	0	0	0	0
0	0	0	50	-91.7647058823529	90	50	0	0	0	0	400	-750	0	0	0	0
0	0	0	50	-95.2941176470588	90	50	0	0	0	0	400	-750	0	0	0	0
0	0	0	50	-98.8235294117647	90	50	0	0	0	0	400	-750	0	0	0	0
0	0	0	50	-102.352941176471	90	50	0	0	0	0	400	-750	0	0	0	0
0	0	0	50	-105.882352941176	90	50	0	0	0	0	400	-750	0	0	0	0
0	0	0	50	-109.411764705882	90	50	0	0	0	0	400	-750	0	0	0	0
0	0	0	50	-112.941176470588	90	50	0	0	0	0	400	-750	0	0	0	0
0	0	0	50	-116.470588235294	90	50	0	0	0	0	400	-750	0	0	0	0
0	0	0	50	-120	90	50	0	0	0	0	400	-750	0	0	0	0
0	0	0	50	-123.529411764706	90	50	0	0	0	0	400	-750	0	0	0	0
0	0	0	50	-127.058823529412	90	50	0	0	0	0	400	-750	0	0	0	0
0	0	0	50	-130.588235294118	90	50	0	0	0	0	400	-750	0	0	0	0
0	0	0	50	-134.117647058824	90	50	0	0	0	0	400	-750	0	0	0	0
0	0	0	50	-137.647058823529	90	50	0	0	0	0	400	-750	0	0	0	0
0	0	0	50	-141.176470588235	90	50	0	0	0	0	400	-750	0	0	0	0
0	0	0	50	-144.705882352941	90	50	0	0	0	0	400	-750	0	0	0	0
0	0	0	50	-148.235294117647	90	50	0	0	0	0	400	-750	0	0	0	0
0	0	0	50	-151.764705882353	90	50	0	0	0	0	400	-750	0	0	0	0
0	0	0	50	-155.294117647059	90	50	0	0	0	0	400	-750	0	0	0	0
0	0	0	50	-158.823529411765	90	50	0	0	0	0	400	-750	0	0	0	0
0	0	0	50	-162.352941176471	90	50	0	0	0	0	400	-750	0	0	0	0
0	0	0	50	-165.882352941176	90	50	0	0	0	0	400	-750	0	0	0	0
0	0	0	50	-169.411764705882	90	50	0	0	0	0	400	-750	0	0	0	0
0	0	0	50	-172.941176470588	90	50	0	0	0	0	400	-750	0	0	0	0
0	0	0	50	-176.470588235294	90	50	0	0	0	0	400	-750	0	0	0	0
0	0	0	50	-180	90	50	0	0	0	0	400	-750	0	0	0	0
0	0	0	50	-180	90	50	0	0	0	0	400	-750	0	0	0	0
0	0	0	50	-176.4	90	50	0	0	0	0	400	-750	0	0	0	0
0	0	0	50	-172.8	90	50	0	0	0	0	400	-750	0	0	0	0
0	0	0	50	-169.2	90	50	0	0	0	0	400	-750	0	0	0	0
0	0	0	50	-165.6	90	50	0	0	0	0	400	-750	0	0	0	0
0	0	0	50	-162	90	50	0	0	0	0	400	-750	0	0	0	0
0	0	0	50	-158.4	90	50	0	0	0	0	400	-750	0	0	0	0
0	0	0	50	-154.8	90	50	0	0	0	0	400	-750	0	0	0	0
0	0	0	50	-151.2	90	50	0	0	0	0	400	-750	0	0	0	0
0	0	0	50	-147.6	90	50	0	0	0	0	400	-750	0	0	0	0
0	0	0	50	-144	90	50	0	0	0	0	400	-750	0	0	0	0
0	0	0	50	-140.4	90	50	0	0	0	0	400	-750	0	0	0	0
0	0	0	50	-136.8	90	50	0	0	0	0	400	-750	0	0	0	0
0	0	0	50	-133.2	90	50	0	0	0	0	400	-750	0	0	0	0
0	0	0	50	-129.6	90	50	0	0	0	0	400	-750	0	0	0	0
0	0	0	50	-126	90	50	0	0	0	0	400	-750	0	0	0	0
0	0	0	50	-122.4	90	50	0	0	0	0	400	-750	0	0	0	0
0	0	0	50	-118.8	90	50	0	0	0	0	400	-750	0	0	0	0
0	0	0	50	-115.2	90	50	0	0	0	0	400	-750	0	0	0	0
0	0	0	50	-111.6	90	50	0	0	0	0	400	-750	0	0	0	0
0	0	0	50	-108	90	50	0	0	0	0	400	-750	0	0	0	0
0	0	0	50	-104.4	90	50	0	0	0	0	400	-750	0	0	0	0
0	0	0	50	-100.8	90	50	0	0	0	0	400	-750	0	0	0	0
0	0	0	50	-97.2	90	50	0	0	0	0	400	-750	0	0	0	0
0	0	0	50	-93.6	90	50	0	0	0	0	400	-750	0	0	0	0
0	0	0	50	-90	90	50	0	0	0	0	400	-750	0	0	0	0
0	0	0	50	-86.4	90	50	0	0	0	0	400	-750	0	0	0	0
0	0	0	50	-82.8	90	50	0	0	0	0	400	-750	0	0	0	0
0	0	0	50	-79.2	90	50	0	0	0	0	400	-750	0	0	0	0
0	0	0	50	-75.6	90	50	0	0	0	0	400	-750	0	0	0	0
0	0	0	50	-72	90	50	0	0	0	0	400	-750	0	0	0	0
0	0	0	50	-68.4	90	50	0	0	0	0	400	-750	0	0	0	0
0	0	0	50	-64.8	90	50	0	0	0	0	400	-750	0	0	0	0
0	0	0	50	-61.2	90	50	0	0	0	0	400	-750	0	0	0	0
0	0	0	50	-57.6	90	50	0	0	0	0	400	-750	0	0	0	0
0	0	0	50	-54	90	50	0	0	0	0	400	-750	0	0	0	0
0	0	0	50	-50.4	90	50	0	0	0	0	400	-750	0	0	0	0
0	0	0	50	-46.8	90	50	0	0	0	0	400	-750	0	0	0	0
0	0	0	50	-43.2	90	50	0	0	0	0	400	-750	0	0	0	0
0	0	0	50	-39.6	90	50	0	0	0	0	400	-750	0	0	0	0
0	0	0	50	-36	90	50	0	0	0	0	400	-750	0	0	0	0
0	0	0	50	-32.4	90	50	0	0	0	0	400	-750	0	0	0	0
0	0	0	50	-28.8	90	50	0	0	0	0	400	-750	0	0	0	0
0	0	0	50	-25.2	90	50	0	0	0	0	400	-750	0	0	0	0
0	0	0	50	-21.6	90	50	0	0	0	0	400	-750	0	0	0	0
0	0	0	50	-18	90	50	0	0	0	0	400	-750	0	0	0	0
0	0	0	50	-14.4	90	50	0	0	0	0	400	-750	0	0	0	0
0	0	0	50	-10.8	90	50	0	0	0	0	400	-750	0	0	0	0
0	0	0	50	-7.2	90	50	0	0	0	0	400	-750	0	0	0	0
0	0	0	50	-3.6	90	50	0	0	0	0	400	-750	0	0	0	0
0	0	0	50	0	90	50	0	0	0	0	400	-750	0	0	0	0
0	0	0	50	3.6	90	50	0	0	0	0	400	-750	0	0	0	0
0	0	0	50	7.2	90	50	0	0	0	0	400	-750	0	0	0	0
0	0	0	50	10.8	90	50	0	0	0	0	400	-750	0	0	0	0
0	0	0	50	14.4	90	50	0	0	0	0	400	-750	0	0	0	0
0	0	0	50	18	90	50	0	0	0	0	400	-750	0	0	0	0
0	0	0	50	21.6	90	50	0	0	0	0	400	-750	0	0	0	0
0	0	0	50	25.2	90	50	0	0	0	0	400	-750	0	0	0	0
0	0	0	50	28.8	90	50	0	0	0	0	400	-750	0	0	0	0
0	0	0	50	32.4	90	50	0	0	0	0	400	-750	0	0	0	0
0	0	0	50	36	90	50	0	0	0	0	400	-750	0	0	0	0
0	0	0	50	39.6	90	50	0	0	0	0	400	-750	0	0	0	0
0	0	0	50	43.2	90	50	0	0	0	0	400	-750	0	0	0	0
0	0	0	50	46.8	90	50	0	0	0	0	400	-750	0	0	0	0
0	0	0	50	50.4	90	50	0	0	0	0	400	-750	0	0	0	0
0	0	0	50	54	90	50	0	0	0	0	400	-750	0	0	0	0
0	0	0	50	57.6	90	50	0	0	0	0	400	-750	0	0	0	0
0	0	0	50	61.2	90	50	0	0	0	0	400	-750	0	0	0	0
0	0	0	50	64.8	90	50	0	0	0	0	400	-750	0	0	0	0
0	0	0	50	68.4	90	50	0	0	0	0	400	-750	0	0	0	0
0	0	0	50	72	90	50	0	0	0	0	400	-750	0	0	0	0
0	0	0	50	75.6	90	50	0	0	0	0	400	-750	0	0	0	0
0	0	0	50	79.2	90	50	0	0	0	0	400	-750	0	0	0	0
0	0	0	50	82.8	90	50	0	0	0	0	400	-750	0	0	0	0
0	0	0	50	86.4	90	50	0	0	0	0	400	-750	0	0	0	0
0	0	0	50	90	90	50	0	0	0	0	400	-750	0	0	0	0
0	0	0	50	93.6	90	50	0	0	0	0	400	-750	0	0	0	0
0	0	0	50	97.2	90	50	0	0	0	0	400	-750	0	0	0	0
0	0	0	50	100.8	90	50	0	0	0	0	400	-750	0	0	0	0
0	0	0	50	104.4	90	50	0	0	0	0	400	-750	0	0	0	0
0	0	0	50	108	90	50	0	0	0	0	400	-750	0	0	0	0
0	0	0	50	111.6	90	50	0	0	0	0	400	-750	0	0	0	0
0	0	0	50	115.2	90	50	0	0	0	0	400	-750	0	0	0	0
0	0	0	50	118.8	90	50	0	0	0	0	400	-750	0	0	0	0
0	0	0	50	122.4	90	50	0	0	0	0	400	-750	0	0	0	0
0	0	0	50	126	90	50	0	0	0	0	400	-750	0	0	0	0
0	0	0	50	129.6	90	50	0	0	0	0	400	-750	0	0	0	0
0	0	0	50	133.2	90	50	0	0	0	0	400	-750	0	0	0	0
0	0	0	50	136.8	90	50	0	0	0	0	400	-750	0	0	0	0
0	0	0	50	140.4	90	50	0	0	0	0	400	-750	0	0	0	0
0	0	0	50	144	90	50	0	0	0	0	400	-750	0	0	0	0
0	0	0	50	147.6	90	50	0	0	0	0	400	-750	0	0	0	0
0	0	0	50	151.2	90	50	0	0	0	0	400	-750	0	0	0	0
0	0	0	50	154.8	90	50	0	0	0	0	400	-750	0	0	0	0
0	0	0	50	158.4	90	50	0	0	0	0	400	-750	0	0	0	0
0	0	0	50	162	90	50	0	0	0	0	400	-750	0	0	0	0
0	0	0	50	165.6	90	50	0	0	0	0	400	-750	0	0	0	0
0	0	0	50	169.2	90	50	0	0	0	0	400	-750	0	0	0	0
0	0	0	50	172.8	90	50	0	0	0	0	400	-750	0	0	0	0
0	0	0	50	176.4	90	50	0	0	0	0	400	-750	0	0	0	0
0	0	0	50	180	90	50	0	0	0	0	400	-750	0	0	0	0
0	0	0	50	180	90	50	0	0	0	0	400	-750	0	0	0	0
0	0	0	50	176.470588235294	90	50	0	0	0	0	400	-750	0	0	0	0
0	0	0	50	172.941176470588	90	50	0	0	0	0	400	-750	0	0	0	0
0	0	0	50	169.411764705882	90	50	0	0	0	0	400	-750	0	0	0	0
0	0	0	50	165.882352941176	90	50	0	0	0	0	400	-750	0	0	0	0
0	0	0	50	162.352941176471	90	50	0	0	0	0	400	-750	0	0	0	0
0	0	0	50	158.823529411765	90	50	0	0	0	0	400	-750	0	0	0	0
0	0	0	50	155.294117647059	90	50	0	0	0	0	400	-750	0	0	0	0
0	0	0	50	151.764705882353	90	50	0	0	0	0	400	-750	0	0	0	0
0	0	0	50	148.235294117647	90	50	0	0	0	0	400	-750	0	0	0	0
0	0	0	50	144.705882352941	90	50	0	0	0	0	400	-750	0	0	0	0
0	0	0	50	141.176470588235	90	50	0	0	0	0	400	-750	0	0	0	0
0	0	0	50	137.647058823529	90	50	0	0	0	0	400	-750	0	0	0	0
0	0	0	50	134.117647058824	90	50	0	0	0	0	400	-750	0	0	0	0
0	0	0	50	130.588235294118	90	50	0	0	0	0	400	-750	0	0	0	0
0	0	0	50	127.058823529412	90	50	0	0	0	0	400	-750	0	0	0	0
0	0	0	50	123.529411764706	90	50	0	0	0	0	400	-750	0	0	0	0
0	0	0	50	120	90	50	0	0	0	0	400	-750	0	0	0	0
0	0	0	50	116.470588235294	90	50	0	0	0	0	400	-750	0	0	0	0
0	0	0	50	112.941176470588	90	50	0	0	0	0	400	-750	0	0	0	0
0	0	0	50	109.411764705882	90	50	0	0	0	0	400	-750	0	0	0	0
0	0	0	50	105.882352941176	90	50	0	0	0	0	400	-750	0	0	0	0
0	0	0	50	102.352941176471	90	50	0	0	0	0	400	-750	0	0	0	0
0	0	0	50	98.8235294117647	90	50	0	0	0	0	400	-750	0	0	0	0
0	0	0	50	95.2941176470588	90	50	0	0	0	0	400	-750	0	0	0	0
0	0	0	50	91.7647058823529	90	50	0	0	0	0	400	-750	0	0	0	0
0	0	0	50	88.235294117647	90	50	0	0	0	0	400	-750	0	0	0	0
0	0	0	50	84.7058823529412	90	50	0	0	0	0	400	-750	0	0	0	0
0	0	0	50	81.1764705882353	90	50	0	0	0	0	400	-750	0	0	0	0
0	0	0	50	77.6470588235294	90	50	0	0	0	0	400	-750	0	0	0	0
0	0	0	50	74.1176470588235	90	50	0	0	0	0	400	-750	0	0	0	0
0	0	0	50	70.5882352941177	90	50	0	0	0	0	400	-750	0	0	0	0
0	0	0	50	67.0588235294118	90	50	0	0	0	0	400	-750	0	0	0	0
0	0	0	50	63.5294117647059	90	50	0	0	0	0	400	-750	0	0	0	0
0	0	0	50	60	90	50	0	0	0	0	400	-750	0	0	0	0
0	0	0	50	56.4705882352941	90	50	0	0	0	0	400	-750	0	0	0	0
0	0	0	50	52.9411764705882	90	50	0	0	0	0	400	-750	0	0	0	0
0	0	0	50	49.4117647058823	90	50	0	0	0	0	400	-750	0	0	0	0
0	0	0	50	45.8823529411765	90	50	0	0	0	0	400	-750	0	0	0	0
0	0	0	50	42.3529411764706	90	50	0	0	0	0	400	-750	0	0	0	0
0	0	0	50	38.8235294117647	90	50	0	0	0	0	400	-750	0	0	0	0
0	0	0	50	35.2941176470588	90	50	0	0	0	0	400	-750	0	0	0	0
0	0	0	50	31.7647058823529	90	50	0	0	0	0	400	-750	0	0	0	0
0	0	0	50	28.2352941176471	90	50	0	0	0	0	400	-750	0	0	0	0
0	0	0	50	24.7058823529412	90	50	0	0	0	0	400	-750	0	0	0	0
0	0	0	50	21.1764705882353	90	50	0	0	0	0	400	-750	0	0	0	0
0	0	0	50	17.6470588235294	90	50	0	0	0	0	400	-750	0	0	0	0
0	0	0	50	14.1176470588235	90	50	0	0	0	0	400	-750	0	0	0	0
0	0	0	50	10.5882352941176	90	50	0	0	0	0	400	-750	0	0	0	0
0	0	0	50	7.05882352941177	90	50	0	0	0	0	400	-750	0	0	0	0
0	0	0	50	3.52941176470587	90	50	0	0	0	0	400	-750	0	0	0	0
0	0	0	50	0	90	50	0	0	0	0	400	-750	0	0	0	0
0	0	0	50	0	90	50	0	0	0	0	400	-750	0	0	0	0
0	0	0	50	0	89.1176470588235	50	0.882352941176468	0	0	0	400	-750	0	0	0	0
0	0	0	50	0	88.2352941176471	50	1.76470588235294	0	0	0	400	-750	0	0	0	0
0	0	0	50	0	87.3529411764706	50	2.64705882352942	0	0	0	400	-750	0	0	0	0
0	0	0	50	0	86.4705882352941	50	3.52941176470588	0	0	0	400	-750	0	0	0	0
0	0	0	50	0	85.5882352941177	50	4.41176470588235	0	0	0	400	-750	0	0	0	0
0	0	0	50	0	84.7058823529412	50	5.29411764705882	0	0	0	400	-750	0	0	0	0
0	0	0	50	0	83.8235294117647	50	6.17647058823529	0	0	0	400	-750	0	0	0	0
0	0	0	50	0	82.9411764705882	50	7.05882352941177	0	0	0	400	-750	0	0	0	0
0	0	0	50	0	82.0588235294118	50	7.94117647058824	0	0	0	400	-750	0	0	0	0
0	0	0	50	0	81.1764705882353	50	8.82352941176471	0	0	0	400	-750	0	0	0	0
0	0	0	50	0	80.2941176470588	50	9.70588235294117	0	0	0	400	-750	0	0	0	0
0	0	0	50	0	79.4117647058824	50	10.5882352941176	0	0	0	400	-750	0	0	0	0
0	0	0	50	0	78.5294117647059	50	11.4705882352941	0	0	0	400	-750	0	0	0	0
0	0	0	50	0	77.6470588235294	50	12.3529411764706	0	0	0	400	-750	0	0	0	0
0	0	0	50	0	76.7647058823529	50	13.2352941176471	0	0	0	400	-750	0	0	0	0
0	0	0	50	0	75.8823529411765	50	14.1176470588235	0	0	0	400	-750	0	0	0	0
0	0	0	50	0	75	50	15	0	0	0	400	-750	0	0	0	0
0	0	0	50	0	74.1176470588235	50	15.8823529411765	0	0	0	400	-750	0	0	0	0
0	0	0	50	0	73.2352941176471	50	16.7647058823529	0	0	0	400	-750	0	0	0	0
0	0	0	50	0	72.3529411764706	50	17.6470588235294	0	0	0	400	-750	0	0	0	0
0	0	0	50	0	71.4705882352941	50	18.5294117647059	0	0	0	400	-750	0	0	0	0
0	0	0	50	0	70.5882352941177	50	19.4117647058823	0	0	0	400	-750	0	0	0	0
0	0	0	50	0	69.7058823529412	50	20.2941176470588	0	0	0	400	-750	0	0	0	0
0	0	0	50	0	68.8235294117647	50	21.1764705882353	0	0	0	400	-750	0	0	0	0
0	0	0	50	0	67.9411764705882	50	22.0588235294118	0	0	0	400	-750	0	0	0	0
0	0	0	50	0	67.0588235294118	50	22.9411764705882	0	0	0	400	-750	0	0	0	0
0	0	0	50	0	66.1764705882353	50	23.8235294117647	0	0	0	400	-750	0	0	0	0
0	0	0	50	0	65.2941176470588	50	24.7058823529412	0	0	0	400	-750	0	0	0	0
0	0	0	50	0	64.4117647058823	50	25.5882352941177	0	0	0	400	-750	0	0	0	0
0	0	0	50	0	63.5294117647059	50	26.4705882352941	0	0	0	400	-750	0	0	0	0
0	0	0	50	0	62.6470588235294	50	27.3529411764706	0	0	0	400	-750	0	0	0	0
0	0	0	50	0	61.7647058823529	50	28.2352941176471	0	0	0	400	-750	0	0	0	0
0	0	0	50	0	60.8823529411765	50	29.1176470588235	0	0	0	400	-750	0	0	0	0
0	0	0	50	0	60	50	30	0	0	0	400	-750	0	0	0	0
0	0	0	50	0	59.1176470588235	50	30.8823529411765	0	0	0	400	-750	0	0	0	0
0	0	0	50	0	58.2352941176471	50	31.7647058823529	0	0	0	400	-750	0	0	0	0
0	0	0	50	0	57.3529411764706	50	32.6470588235294	0	0	0	400	-750	0	0	0	0
0	0	0	50	0	56.4705882352941	50	33.5294117647059	0	0	0	400	-750	0	0	0	0
0	0	0	50	0	55.5882352941177	50	34.4117647058823	0	0	0	400	-750	0	0	0	0
0	0	0	50	0	54.7058823529412	50	35.2941176470588	0	0	0	400	-750	0	0	0	0
0	0	0	50	0	53.8235294117647	50	36.1764705882353	0	0	0	400	-750	0	0	0	0
0	0	0	50	0	52.9411764705882	50	37.0588235294118	0	0	0	400	-750	0	0	0	0
0	0	0	50	0	52.0588235294118	50	37.9411764705882	0	0	0	400	-750	0	0	0	0
0	0	0	50	0	51.1764705882353	50	38.8235294117647	0	0	0	400	-750	0	0	0	0
0	0	0	50	0	50.2941176470588	50	39.7058823529412	0	0	0	400	-750	0	0	0	0
0	0	0	50	0	49.4117647058824	50	40.5882352941176	0	0	0	400	-750	0	0	0	0
0	0	0	50	0	48.5294117647059	50	41.4705882352941	0	0	0	400	-750	0	0	0	0
0	0	0	50	0	47.6470588235294	50	42.3529411764706	0	0	0	400	-750	0	0	0	0
0	0	0	50	0	46.7647058823529	50	43.2352941176471	0	0	0	400	-750	0	0	0	0
0	0	0	50	0	45.8823529411765	50	44.1176470588235	0	0	0	400	-750	0	0	0	0
0	0	0	50	0	45	50	45	0	0	0	400	-750	0	0	0	0
0	0	0	50	0	45	50	45	0	0	0	400	-750	0	0	0	0
0	0	0	50	0	45.9	50	44.1	0	0	0	400	-750	0	0	0	0
0	0	0	50	0	46.8	50	43.2	0	0	0	400	-750	0	0	0	0
0	0	0	50	0	47.7	50	42.3	0	0	0	400	-750	0	0	0	0
0	0	0	50	0	48.6	50	41.4	0	0	0	400	-750	0	0	0	0
0	0	0	50	0	49.5	50	40.5	0	0	0	400	-750	0	0	0	0
0	0	0	50	0	50.4	50	39.6	0	0	0	400	-750	0	0	0	0
0	0	0	50	0	51.3	50	38.7	0	0	0	400	-750	0	0	0	0
0	0	0	50	0	52.2	50	37.8	0	0	0	400	-750	0	0	0	0
0	0	0	50	0	53.1	50	36.9	0	0	0	400	-750	0	0	0	0
0	0	0	50	0	54	50	36	0	0	0	400	-750	0	0	0	0
0	0	0	50	0	54.9	50	35.1	0	0	0	400	-750	0	0	0	0
0	0	0	50	0	55.8	50	34.2	0	0	0	400	-750	0	0	0	0
0	0	0	50	0	56.7	50	33.3	0	0	0	400	-750	0	0	0	0
0	0	0	50	0	57.6	50	32.4	0	0	0	400	-750	0	0	0	0
0	0	0	50	0	58.5	50	31.5	0	0	0	400	-750	0	0	0	0
0	0	0	50	0	59.4	50	30.6	0	0	0	400	-750	0	0	0	0
0	0	0	50	0	60.3	50	29.7	0	0	0	400	-750	0	0	0	0
0	0	0	50	0	61.2	50	28.8	0	0	0	400	-750	0	0	0	0
0	0	0	50	0	62.1	50	27.9	0	0	0	400	-750	0	0	0	0
0	0	0	50	0	63	50	27	0	0	0	400	-750	0	0	0	0
0	0	0	50	0	63.9	50	26.1	0	0	0	400	-750	0	0	0	0
0	0	0	50	0	64.8	50	25.2	0	0	0	400	-750	0	0	0	0
0	0	0	50	0	65.7	50	24.3	0	0	0	400	-750	0	0	0	0
0	0	0	50	0	66.6	50	23.4	0	0	0	400	-750	0	0	0	0
0	0	0	50	0	67.5	50	22.5	0	0	0	400	-750	0	0	0	0
0	0	0	50	0	68.4	50	21.6	0	0	0	400	-750	0	0	0	0
0	0	0	50	0	69.3	50	20.7	0	0	0	400	-750	0	0	0	0
0	0	0	50	0	70.2	50	19.8	0	0	0	400	-750	0	0	0	0
0	0	0	50	0	71.1	50	18.9	0	0	0	400	-750	0	0	0	0
0	0	0	50	0	72	50	18	0	0	0	400	-750	0	0	0	0
0	0	0	50	0	72.9	50	17.1	0	0	0	400	-750	0	0	0	0
0	0	0	50	0	73.8	50	16.2	0	0	0	400	-750	0	0	0	0
0	0	0	50	0	74.7	50	15.3	0	0	0	400	-750	0	0	0	0
0	0	0	50	0	75.6	50	14.4	0	0	0	400	-750	0	0	0	0
0	0	0	50	0	76.5	50	13.5	0	0	0	400	-750	0	0	0	0
0	0	0	50	0	77.4	50	12.6	0	0	0	400	-750	0	0	0	0
0	0	0	50	0	78.3	50	11.7	0	0	0	400	-750	0	0	0	0
0	0	0	50	0	79.2	50	10.8	0	0	0	400	-750	0	0	0	0
0	0	0	50	0	80.1	50	9.9	0	0	0	400	-750	0	0	0	0
0	0	0	50	0	81	50	9	0	0	0	400	-750	0	0	0	0
0	0	0	50	0	81.9	50	8.1	0	0	0	400	-750	0	0	0	0
0	0	0	50	0	82.8	50	7.2	0	0	0	400	-750	0	0	0	0
0	0	0	50	0	83.7	50	6.3	0	0	0	400	-750	0	0	0	0
0	0	0	50	0	84.6	50	5.4	0	0	0	400	-750	0	0	0	0
0	0	0	50	0	85.5	50	4.5	0	0	0	400	-750	0	0	0	0
0	0	0	50	0	86.4	50	3.6	0	0	0	400	-750	0	0	0	0
0	0	0	50	0	87.3	50	2.7	0	0	0	400	-750	0	0	0	0
0	0	0	50	0	88.2	50	1.8	0	0	0	400	-750	0	0	0	0
0	0	0	50	0	89.1	50	0.899999999999995	0	0	0	400	-750	0	0	0	0
0	0	0	50	0	90	50	0	0	0	0	400	-750	0	0	0	0
0	0	0	50	0	90.9	50	-0.899999999999995	0	0	0	400	-750	0	0	0	0
0	0	0	50	0	91.8	50	-1.8	0	0	0	400	-750	0	0	0	0
0	0	0	50	0	92.7	50	-2.70000000000001	0	0	0	400	-750	0	0	0	0
0	0	0	50	0	93.6	50	-3.6	0	0	0	400	-750	0	0	0	0
0	0	0	50	0	94.5	50	-4.5	0	0	0	400	-750	0	0	0	0
0	0	0	50	0	95.4	50	-5.4	0	0	0	400	-750	0	0	0	0
0	0	0	50	0	96.3	50	-6.29999999999999	0	0	0	400	-750	0	0	0	0
0	0	0	50	0	97.2	50	-7.20000000000001	0	0	0	400	-750	0	0	0	0
0	0	0	50	0	98.1	50	-8.1	0	0	0	400	-750	0	0	0	0
0	0	0	50	0	99	50	-9	0	0	0	400	-750	0	0	0	0
0	0	0	50	0	99.9	50	-9.9	0	0	0	400	-750	0	0	0	0
0	0	0	50	0	100.8	50	-10.8	0	0	0	400	-750	0	0	0	0
0	0	0	50	0	101.7	50	-11.7	0	0	0	400	-750	0	0	0	0
0	0	0	50	0	102.6	50	-12.6	0	0	0	400	-750	0	0	0	0
0	0	0	50	0	103.5	50	-13.5	0	0	0	400	-750	0	0	0	0
0	0	0	50	0	104.4	50	-14.4	0	0	0	400	-750	0	0	0	0
0	0	0	50	0	105.3	50	-15.3	0	0	0	400	-750	0	0	0	0
0	0	0	50	0	106.2	50	-16.2	0	0	0	400	-750	0	0	0	0
0	0	0	50	0	107.1	50	-17.1	0	0	0	400	-750	0	0	0	0
0	0	0	50	0	108	50	-18	0	0	0	400	-750	0	0	0	0
0	0	0	50	0	108.9	50	-18.9	0	0	0	400	-750	0	0	0	0
0	0	0	50	0	109.8	50	-19.8	0	0	0	400	-750	0	0	0	0
0	0	0	50	0	110.7	50	-20.7	0	0	0	400	-750	0	0	0	0
0	0	0	50	0	111.6	50	-21.6	0	0	0	400	-750	0	0	0	0
0	0	0	50	0	112.5	50	-22.5	0	0	0	400	-750	0	0	0	0
0	0	0	50	0	113.4	50	-23.4	0	0	0	400	-750	0	0	0	0
0	0	0	50	0	114.3	50	-24.3	0	0	0	400	-750	0	0	0	0
0	0	0	50	0	115.2	50	-25.2	0	0	0	400	-750	0	0	0	0
0	0	0	50	0	116.1	50	-26.1	0	0	0	400	-750	0	0	0	0
0	0	0	50	0	117	50	-27	0	0	0	400	-750	0	0	0	0
0	0	0	50	0	117.9	50	-27.9	0	0	0	400	-750	0	0	0	0
0	0	0	50	0	118.8	50	-28.8	0	0	0	400	-750	0	0	0	0
0	0	0	50	0	119.7	50	-29.7	0	0	0	400	-750	0	0	0	0
0	0	0	50	0	120.6	50	-30.6	0	0	0	400	-750	0	0	0	0
0	0	0	50	0	121.5	50	-31.5	0	0	0	400	-750	0	0	0	0
0	0	0	50	0	122.4	50	-32.4	0	0	0	400	-750	0	0	0	0
0	0	0	50	0	123.3	50	-33.3	0	0	0	400	-750	0	0	0	0
0	0	0	50	0	124.2	50	-34.2	0	0	0	400	-750	0	0	0	0
0	0	0	50	0	125.1	50	-35.1	0	0	0	400	-750	0	0	0	0
0	0	0	50	0	126	50	-36	0	0	0	400	-750	0	0	0	0
0	0	0	50	0	126.9	50	-36.9	0	0	0	400	-750	0	0	0	0
0	0	0	50	0	127.8	50	-37.8	0	0	0	400	-750	0	0	0	0
0	0	0	50	0	128.7	50	-38.7	0	0	0	400	-750	0	0	0	0
0	0	0	50	0	129.6	50	-39.6	0	0	0	400	-750	0	0	0	0
0	0	0	50	0	130.5	50	-40.5	0	0	0	400	-750	0	0	0	0
0	0	0	50	0	131.4	50	-41.4	0	0	0	400	-750	0	0	0	0
0	0	0	50	0	132.3	50	-42.3	0	0	0	400	-750	0	0	0	0
0	0	0	50	0	133.2	50	-43.2	0	0	0	400	-750	0	0	0	0
0	0	0	50	0	134.1	50	-44.1	0	0	0	400	-750	0	0	0	0
0	0	0	50	0	135	50	-45	0	0	0	400	-750	0	0	0	0
0	0	0	50	0	135	50	-45	0	0	0	400	-750	0	0	0	0
0	0	0	50	0	134.117647058824	50	-44.1176470588235	0	0	0	400	-750	0	0	0	0
0	0	0	50	0	133.235294117647	50	-43.2352941176471	0	0	0	400	-750	0	0	0	0
0	0	0	50	0	132.352941176471	50	-42.3529411764706	0	0	0	400	-750	0	0	0	0
0	0	0	50	0	131.470588235294	50	-41.4705882352941	0	0	0	400	-750	0	0	0	0
0	0	0	50	0	130.588235294118	50	-40.5882352941176	0	0	0	400	-750	0	0	0	0
0	0	0	50	0	129.705882352941	50	-39.7058823529412	0	0	0	400	-750	0	0	0	0
0	0	0	50	0	128.823529411765	50	-38.8235294117647	0	0	0	400	-750	0	0	0	0
0	0	0	50	0	127.941176470588	50	-37.9411764705882	0	0	0	400	-750	0	0	0	0
0	0	0	50	0	127.058823529412	50	-37.0588235294118	0	0	0	400	-750	0	0	0	0
0	0	0	50	0	126.176470588235	50	-36.1764705882353	0	0	0	400	-750	0	0	0	0
0	0	0	50	0	125.294117647059	50	-35.2941176470588	0	0	0	400	-750	0	0	0	0
0	0	0	50	0	124.411764705882	50	-34.4117647058824	0	0	0	400	-750	0	0	0	0
0	0	0	50	0	123.529411764706	50	-33.5294117647059	0	0	0	400	-750	0	0	0	0
0	0	0	50	0	122.647058823529	50	-32.6470588235294	0	0	0	400	-750	0	0	0	0
0	0	0	50	0	121.764705882353	50	-31.764705882353	0	0	0	400	-750	0	0	0	0
0	0	0	50	0	120.882352941176	50	-30.8823529411765	0	0	0	400	-750	0	0	0	0
0	0	0	50	0	120	50	-30	0	0	0	400	-750	0	0	0	0
0	0	0	50	0	119.117647058824	50	-29.1176470588235	0	0	0	400	-750	0	0	0	0
0	0	0	50	0	118.235294117647	50	-28.2352941176471	0	0	0	400	-750	0	0	0	0
0	0	0	50	0	117.352941176471	50	-27.3529411764706	0	0	0	400	-750	0	0	0	0
0	0	0	50	0	116.470588235294	50	-26.4705882352941	0	0	0	400	-750	0	0	0	0
0	0	0	50	0	115.588235294118	50	-25.5882352941177	0	0	0	400	-750	0	0	0	0
0	0	0	50	0	114.705882352941	50	-24.7058823529412	0	0	0	400	-750	0	0	0	0
0	0	0	50	0	113.823529411765	50	-23.8235294117647	0	0	0	400	-750	0	0	0	0
0	0	0	50	0	112.941176470588	50	-22.9411764705882	0	0	0	400	-750	0	0	0	0
0	0	0	50	0	112.058823529412	50	-22.0588235294118	0	0	0	400	-750	0	0	0	0
0	0	0	50	0	111.176470588235	50	-21.1764705882353	0	0	0	400	-750	0	0	0	0
0	0	0	50	0	110.294117647059	50	-20.2941176470588	0	0	0	400	-750	0	0	0	0
0	0	0	50	0	109.411764705882	50	-19.4117647058823	0	0	0	400	-750	0	0	0	0
0	0	0	50	0	108.529411764706	50	-18.5294117647059	0	0	0	400	-750	0	0	0	0
0	0	0	50	0	107.647058823529	50	-17.6470588235294	0	0	0	400	-750	0	0	0	0
0	0	0	50	0	106.764705882353	50	-16.7647058823529	0	0	0	400	-750	0	0	0	0
0	0	0	50	0	105.882352941176	50	-15.8823529411765	0	0	0	400	-750	0	0	0	0
0	0	0	50	0	105	50	-15	0	0	0	400	-750	0	0	0	0
0	0	0	50	0	104.117647058824	50	-14.1176470588235	0	0	0	400	-750	0	0	0	0
0	0	0	50	0	103.235294117647	50	-13.2352941176471	0	0	0	400	-750	0	0	0	0
0	0	0	50	0	102.352941176471	50	-12.3529411764706	0	0	0	400	-750	0	0	0	0
0	0	0	50	0	101.470588235294	50	-11.4705882352941	0	0	0	400	-750	0	0	0	0
0	0	0	50	0	100.588235294118	50	-10.5882352941176	0	0	0	400	-750	0	0	0	0
0	0	0	50	0	99.7058823529412	50	-9.70588235294117	0	0	0	400	-750	0	0	0	0
0	0	0	50	0	98.8235294117647	50	-8.82352941176471	0	0	0	400	-750	0	0	0	0
0	0	0	50	0	97.9411764705882	50	-7.94117647058824	0	0	0	400	-750	0	0	0	0
0	0	0	50	0	97.0588235294118	50	-7.05882352941177	0	0	0	400	-750	0	0	0	0
0	0	0	50	0	96.1764705882353	50	-6.1764705882353	0	0	0	400	-750	0	0	0	0
0	0	0	50	0	95.2941176470588	50	-5.29411764705882	0	0	0	400	-750	0	0	0	0
0	0	0	50	0	94.4117647058823	50	-4.41176470588235	0	0	0	400	-750	0	0	0	0
0	0	0	50	0	93.5294117647059	50	-3.52941176470587	0	0	0	400	-750	0	0	0	0
0	0	0	50	0	92.6470588235294	50	-2.6470588235294	0	0	0	400	-750	0	0	0	0
0	0	0	50	0	91.7647058823529	50	-1.76470588235294	0	0	0	400	-750	0	0	0	0
0	0	0	50	0	90.8823529411765	50	-0.882352941176468	0	0	0	400	-750	0	0	0	0
0	0	0	50	0	90	50	0	0	0	0	400	-750	0	0	0	0
0	0	0	50	0	90	50	0	0	0	0	400	-750	0	0	0	0
0	0	0	50	0	90	50.25	0	0	0	0	400	-750	0	0	0	0
0	0	0	50	0	90	50.5	0	0	0	0	400	-750	0	0	0	0
0	0	0	50	0	90	50.75	0	0	0	0	400	-750	0	0	0	0
0	0	0	50	0	90	51	0	0	0	0	400	-750	0	0	0	0
0	0	0	50	0	90	51.25	0	0	0	0	400	-750	0	0	0	0
0	0	0	50	0	90	51.5	0	0	0	0	400	-750	0	0	0	0
0	0	0	50	0	90	51.75	0	0	0	0	400	-750	0	0	0	0
0	0	0	50	0	90	52	0	0	0	0	400	-750	0	0	0	0
0	0	0	50	0	90	52.25	0	0	0	0	400	-750	0	0	0	0
0	0	0	50	0	90	52.5	0	0	0	0	400	-750	0	0	0	0
0	0	0	50	0	90	52.75	0	0	0	0	400	-750	0	0	0	0
0	0	0	50	0	90	53	0	0	0	0	400	-750	0	0	0	0
0	0	0	50	0	90	53.25	0	0	0	0	400	-750	0	0	0	0
0	0	0	50	0	90	53.5	0	0	0	0	400	-750	0	0	0	0
0	0	0	50	0	90	53.75	0	0	0	0	400	-750	0	0	0	0
0	0	0	50	0	90	54	0	0	0	0	400	-750	0	0	0	0
0	0	0	50	0	90	54.25	0	0	0	0	400	-750	0	0	0	0
0	0	0	50	0	90	54.5	0	0	0	0	400	-750	0	0	0	0
0	0	0	50	0	90	54.75	0	0	0	0	400	-750	0	0	0	0
0	0	0	50	0	90	55	0	0	0	0	400	-750	0	0	0	0
0	0	0	50	0	90	55.25	0	0	0	0	400	-750	0	0	0	0
0	0	0	50	0	90	55.5	0	0	0	0	400	-750	0	0	0	0
0	0	0	50	0	90	55.75	0	0	0	0	400	-750	0	0	0	0
0	0	0	50	0	90	56	0	0	0	0	400	-750	0	0	0	0
0	0	0	50	0	90	56.25	0	0	0	0	400	-750	0	0	0	0
0	0	0	50	0	90	56.5	0	0	0	0	400	-750	0	0	0	0
0	0	0	50	0	90	56.75	0	0	0	0	400	-750	0	0	0	0
0	0	0	50	0	90	57	0	0	0	0	400	-750	0	0	0	0
0	0	0	50	0	90	57.25	0	0	0	0	400	-750	0	0	0	0
0	0	0	50	0	90	57.5	0	0	0	0	400	-750	0	0	0	0
0	0	0	50	0	90	57.75	0	0	0	0	400	-750	0	0	0	0
0	0	0	50	0	90	58	0	0	0	0	400	-750	0	0	0	0
0	0	0	50	0	90	58.25	0	0	0	0	400	-750	0	0	0	0
0	0	0	50	0	90	58.5	0	0	0	0	400	-750	0	0	0	0
0	0	0	50	0	90	58.75	0	0	0	0	400	-750	0	0	0	0
0	0	0	50	0	90	59	0	0	0	0	400	-750	0	0	0	0
0	0	0	50	0	90	59.25	0	0	0	0	400	-750	0	0	0	0
0	0	0	50	0	90	59.5	0	0	0	0	400	-750	0	0	0	0
0	0	0	50	0	90	59.75	0	0	0	0	400	-750	0	0	0	0
0	0	0	50	0	90	60	0	0	0	0	400	-750	0	0	0	0
0	0	0	50	0	90	60.25	0	0	0	0	400	-750	0	0	0	0
0	0	0	50	0	90	60.5	0	0	0	0	400	-750	0	0	0	0
0	0	0	50	0	90	60.75	0	0	0	0	400	-750	0	0	0	0
0	0	0	50	0	90	61	0	0	0	0	400	-750	0	0	0	0
0	0	0	50	0	90	61.25	0	0	0	0	400	-750	0	0	0	0
0	0	0	50	0	90	61.5	0	0	0	0	400	-750	0	0	0	0
0	0	0	50	0	90	61.75	0	0	0	0	400	-750	0	0	0	0
0	0	0	50	0	90	62	0	0	0	0	400	-750	0	0	0	0
0	0	0	50	0	90	62.25	0	0	0	0	400	-750	0	0	0	0
0	0	0	50	0	90	62.5	0	0	0	0	400	-750	0	0	0	0
0	0	0	50	0	90	62.75	0	0	0	0	400	-750	0	0	0	0
0	0	0	50	0	90	63	0	0	0	0	400	-750	0	0	0	0
0	0	0	50	0	90	63.25	0	0	0	0	400	-750	0	0	0	0
0	0	0	50	0	90	63.5	0	0	0	0	400	-750	0	0	0	0
0	0	0	50	0	90	63.75	0	0	0	0	400	-750	0	0	0	0
0	0	0	50	0	90	64	0	0	0	0	400	-750	0	0	0	0
0	0	0	50	0	90	64.25	0	0	0	0	400	-750	0	0	0	0
0	0	0	50	0	90	64.5	0	0	0	0	400	-750	0	0	0	0
0	0	0	50	0	90	64.75	0	0	0	0	400	-750	0	0	0	0
0	0	0	50	0	90	65	0	0	0	0	400	-750	0	0	0	0
0	0	0	50	0	90	65.25	0	0	0	0	400	-750	0	0	0	0
0	0	0	50	0	90	65.5	0	0	0	0	400	-750	0	0	0	0
0	0	0	50	0	90	65.75	0	0	0	0	400	-750	0	0	0	0
0	0	0	50	0	90	66	0	0	0	0	400	-750	0	0	0	0
0	0	0	50	0	90	66.25	0	0	0	0	400	-750	0	0	0	0
0	0	0	50	0	90	66.5	0	0	0	0	400	-750	0	0	0	0
0	0	0	50	0	90	66.75	0	0	0	0	400	-750	0	0	0	0
0	0	0	50	0	90	67	0	0	0	0	400	-750	0	0	0	0
0	0	0	50	0	90	67.25	0	0	0	0	400	-750	0	0	0	0
0	0	0	50	0	90	67.5	0	0	0	0	400	-750	0	0	0	0
0	0	0	50	0	90	67.75	0	0	0	0	400	-750	0	0	0	0
0	0	0	50	0	90	68	0	0	0	0	400	-750	0	0	0	0
0	0	0	50	0	90	68.25	0	0	0	0	400	-750	0	0	0	0
0	0	0	50	0	90	68.5	0	0	0	0	400	-750	0	0	0	0
0	0	0	50	0	90	68.75	0	0	0	0	400	-750	0	0	0	0
0	0	0	50	0	90	69	0	0	0	0	400	-750	0	0	0	0
0	0	0	50	0	90	69.25	0	0	0	0	400	-750	0	0	0	0
0	0	0	50	0	90	69.5	0	0	0	0	400	-750	0	0	0	0
0	0	0	50	0	90	69.75	0	0	0	0	400	-750	0	0	0	0
0	0	0	50	0	90	70	0	0	0	0	400	-750	0	0	0	0
0	0	0	50	0	90	70.25	0	0	0	0	400	-750	0	0	0	0
0	0	0	50	0	90	70.5	0	0	0	0	400	-750	0	0	0	0
0	0	0	50	0	90	70.75	0	0	0	0	400	-750	0	0	0	0
0	0	0	50	0	90	71	0	0	0	0	400	-750	0	0	0	0
0	0	0	50	0	90	71.25	0	0	0	0	400	-750	0	0	0	0
0	0	0	50	0	90	71.5	0	0	0	0	400	-750	0	0	0	0
0	0	0	50	0	90	71.75	0	0	0	0	400	-750	0	0	0	0
0	0	0	50	0	90	72	0	0	0	0	400	-750	0	0	0	0
0	0	0	50	0	90	72.25	0	0	0	0	400	-750	0	0	0	0
0	0	0	50	0	90	72.5	0	0	0	0	400	-750	0	0	0	0
0	0	0	50	0	90	72.75	0	0	0	0	400	-750	0	0	0	0
0	0	0	50	0	90	73	0	0	0	0	400	-750	0	0	0	0
0	0	0	50	0	90	73.25	0	0	0	0	400	-750	0	0	0	0
0	0	0	50	0	90	73.5	0	0	0	0	400	-750	0	0	0	0
0	0	0	50	0	90	73.75	0	0	0	0	400	-750	0	0	0	0
0	0	0	50	0	90	74	0	0	0	0	400	-750	0	0	0	0
0	0	0	50	0	90	74.25	0	0	0	0	400	-750	0	0	0	0
0	0	0	50	0	90	74.5	0	0	0	0	400	-750	0	0	0	0
0	0	0	50	0	90	74.75	0	0	0	0	400	-750	0	0	0	0
0	0	0	50	0	90	75	0	0	0	0	400	-750	0	0	0	0
0	0	0	50	0	90	75	0	0	0	0	400	-750	0	0	0	0
0	0	0	50	0	90	74.7524752475248	0	0	0	0	400	-750	0	0	0	0
0	0	0	50	0	90	74.5049504950495	0	0	0	0	400	-750	0	0	0	0
0	0	0	50	0	90	74.2574257425743	0	0	0	0	400	-750	0	0	0	0
0	0	0	50	0	90	74.009900990099	0	0	0	0	400	-750	0	0	0	0
0	0	0	50	0	90	73.7623762376238	0	0	0	0	400	-750	0	0	0	0
0	0	0	50	0	90	73.5148514851485	0	0	0	0	400	-750	0	0	0	0
0	0	0	50	0	90	73.2673267326733	0	0	0	0	400	-750	0	0	0	0
0	0	0	50	0	90	73.019801980198	0	0	0	0	400	-750	0	0	0	0
0	0	0	50	0	90	72.7722772277228	0	0	0	0	400	-750	0	0	0	0
0	0	0	50	0	90	72.5247524752475	0	0	0	0	400	-750	0	0	0	0
0	0	0	50	0	90	72.2772277227723	0	0	0	0	400	-750	0	0	0	0
0	0	0	50	0	90	72.029702970297	0	0	0	0	400	-750	0	0	0	0
0	0	0	50	0	90	71.7821782178218	0	0	0	0	400	-750	0	0	0	0
0	0	0	50	0	90	71.5346534653465	0	0	0	0	400	-750	0	0	0	0
0	0	0	50	0	90	71.2871287128713	0	0	0	0	400	-750	0	0	0	0
0	0	0	50	0	90	71.039603960396	0	0	0	0	400	-750	0	0	0	0
0	0	0	50	0	90	70.7920792079208	0	0	0	0	400	-750	0	0	0	0
0	0	0	50	0	90	70.5445544554455	0	0	0	0	400	-750	0	0	0	0
0	0	0	50	0	90	70.2970297029703	0	0	0	0	400	-750	0	0	0	0
0	0	0	50	0	90	70.049504950495	0	0	0	0	400	-750	0	0	0	0
0	0	0	50	0	90	69.8019801980198	0	0	0	0	400	-750	0	0	0	0
0	0	0	50	0	90	69.5544554455445	0	0	0	0	400	-750	0	0	0	0
0	0	0	50	0	90	69.3069306930693	0	0	0	0	400	-750	0	0	0	0
0	0	0	50	0	90	69.0594059405941	0	0	0	0	400	-750	0	0	0	0
0	0	0	50	0	90	68.8118811881188	0	0	0	0	400	-750	0	0	0	0
0	0	0	50	0	90	68.5643564356436	0	0	0	0	400	-750	0	0	0	0
0	0	0	50	0	90	68.3168316831683	0	0	0	0	400	-750	0	0	0	0
0	0	0	50	0	90	68.0693069306931	0	0	0	0	400	-750	0	0	0	0
0	0	0	50	0	90	67.8217821782178	0	0	0	0	400	-750	0	0	0	0
0	0	0	50	0	90	67.5742574257426	0	0	0	0	400	-750	0	0	0	0
0	0	0	50	0	90	67.3267326732673	0	0	0	0	400	-750	0	0	0	0
0	0	0	50	0	90	67.0792079207921	0	0	0	0	400	-750	0	0	0	0
0	0	0	50	0	90	66.8316831683168	0	0	0	0	400	-750	0	0	0	0
0	0	0	50	0	90	66.5841584158416	0	0	0	0	400	-750	0	0	0	0
0	0	0	50	0	90	66.3366336633663	0	0	0	0	400	-750	0	0	0	0
0	0	0	50	0	90	66.0891089108911	0	0	0	0	400	-750	0	0	0	0
0	0	0	50	0	90	65.8415841584158	0	0	0	0	400	-750	0	0	0	0
0	0	0	50	0	90	65.5940594059406	0	0	0	0	400	-750	0	0	0	0
0	0	0	50	0	90	65.3465346534653	0	0	0	0	400	-750	0	0	0	0
0	0	0	50	0	90	65.0990099009901	0	0	0	0	400	-750	0	0	0	0
0	0	0	50	0	90	64.8514851485149	0	0	0	0	400	-750	0	0	0	0
0	0	0	50	0	90	64.6039603960396	0	0	0	0	400	-750	0	0	0	0
0	0	0	50	0	90	64.3564356435644	0	0	0	0	400	-750	0	0	0	0
0	0	0	50	0	90	64.1089108910891	0	0	0	0	400	-750	0	0	0	0
0	0	0	50	0	90	63.8613861386139	0	0	0	0	400	-750	0	0	0	0
0	0	0	50	0	90	63.6138613861386	0	0	0	0	400	-750	0	0	0	0
0	0	0	50	0	90	63.3663366336634	0	0	0	0	400	-750	0	0	0	0
0	0	0	50	0	90	63.1188118811881	0	0	0	0	400	-750	0	0	0	0
0	0	0	50	0	90	62.8712871287129	0	0	0	0	400	-750	0	0	0	0
0	0	0	50	0	90	62.6237623762376	0	0	0	0	400	-750	0	0	0	0
0	0	0	50	0	90	62.3762376237624	0	0	0	0	400	-750	0	0	0	0
0	0	0	50	0	90	62.1287128712871	0	0	0	0	400	-750	0	0	0	0
0	0	0	50	0	90	61.8811881188119	0	0	0	0	400	-750	0	0	0	0
0	0	0	50	0	90	61.6336633663366	0	0	0	0	400	-750	0	0	0	0
0	0	0	50	0	90	61.3861386138614	0	0	0	0	400	-750	0	0	0	0
0	0	0	50	0	90	61.1386138613861	0	0	0	0	400	-750	0	0	0	0
0	0	0	50	0	90	60.8910891089109	0	0	0	0	400	-750	0	0	0	0
0	0	0	50	0	90	60.6435643564356	0	0	0	0	400	-750	0	0	0	0
0	0	0	50	0	90	60.3960396039604	0	0	0	0	400	-750	0	0	0	0
0	0	0	50	0	90	60.1485148514851	0	0	0	0	400	-750	0	0	0	0
0	0	0	50	0	90	59.9009900990099	0	0	0	0	400	-750	0	0	0	0
0	0	0	50	0	90	59.6534653465347	0	0	0	0	400	-750	0	0	0	0
0	0	0	50	0	90	59.4059405940594	0	0	0	0	400	-750	0	0	0	0
0	0	0	50	0	90	59.1584158415842	0	0	0	0	400	-750	0	0	0	0
0	0	0	50	0	90	58.9108910891089	0	0	0	0	400	-750	0	0	0	0
0	0	0	50	0	90	58.6633663366337	0	0	0	0	400	-750	0	0	0	0
0	0	0	50	0	90	58.4158415841584	0	0	0	0	400	-750	0	0	0	0
0	0	0	50	0	90	58.1683168316832	0	0	0	0	400	-750	0	0	0	0
0	0	0	50	0	90	57.9207920792079	0	0	0	0	400	-750	0	0	0	0
0	0	0	50	0	90	57.6732673267327	0	0	0	0	400	-750	0	0	0	0
0	0	0	50	0	90	57.4257425742574	0	0	0	0	400	-750	0	0	0	0
0	0	0	50	0	90	57.1782178217822	0	0	0	0	400	-750	0	0	0	0
0	0	0	50	0	90	56.9306930693069	0	0	0	0	400	-750	0	0	0	0
0	0	0	50	0	90	56.6831683168317	0	0	0	0	400	-750	0	0	0	0
0	0	0	50	0	90	56.4356435643564	0	0	0	0	400	-750	0	0	0	0
0	0	0	50	0	90	56.1881188118812	0	0	0	0	400	-750	0	0	0	0
0	0	0	50	0	90	55.9405940594059	0	0	0	0	400	-750	0	0	0	0
0	0	0	50	0	90	55.6930693069307	0	0	0	0	400	-750	0	0	0	0
0	0	0	50	0	90	55.4455445544554	0	0	0	0	400	-750	0	0	0	0
0	0	0	50	0	90	55.1980198019802	0	0	0	0	400	-750	0	0	0	0
0	0	0	50	0	90	54.950495049505	0	0	0	0	400	-750	0	0	0	0
0	0	0	50	0	90	54.7029702970297	0	0	0	0	400	-750	0	0	0	0
0	0	0	50	0	90	54.4554455445545	0	0	0	0	400	-750	0	0	0	0
0	0	0	50	0	90	54.2079207920792	0	0	0	0	400	-750	0	0	0	0
0	0	0	50	0	90	53.960396039604	0	0	0	0	400	-750	0	0	0	0
0	0	0	50	0	90	53.7128712871287	0	0	0	0	400	-750	0	0	0	0
0	0	0	50	0	90	53.4653465346535	0	0	0	0	400	-750	0	0	0	0
0	0	0	50	0	90	53.2178217821782	0	0	0	0	400	-750	0	0	0	0
0	0	0	50	0	90	52.970297029703	0	0	0	0	400	-750	0	0	0	0
0	0	0	50	0	90	52.7227722772277	0	0	0	0	400	-750	0	0	0	0
0	0	0	50	0	90	52.4752475247525	0	0	0	0	400	-750	0	0	0	0
0	0	0	50	0	90	52.2277227722772	0	0	0	0	400	-750	0	0	0	0
0	0	0	50	0	90	51.980198019802	0	0	0	0	400	-750	0	0	0	0
0	0	0	50	0	90	51.7326732673267	0	0	0	0	400	-750	0	0	0	0
0	0	0	50	0	90	51.4851485148515	0	0	0	0	400	-750	0	0	0	0
0	0	0	50	0	90	51.2376237623762	0	0	0	0	400	-750	0	0	0	0
0	0	0	50	0	90	50.990099009901	0	0	0	0	400	-750	0	0	0	0
0	0	0	50	0	90	50.7425742574257	0	0	0	0	400	-750	0	0	0	0
0	0	0	50	0	90	50.4950495049505	0	0	0	0	400	-750	0	0	0	0
0	0	0	50	0	90	50.2475247524752	0	0	0	0	400	-750	0	0	0	0
0	0	0	50	0	90	50	0	0	0	0	400	-750	0	0	0	0
0	0	0	50	0	90	50	0	0	0	0	400	-750	0	0	0	0
0	0	0	50	0	90	50	0	-0.441176470588235	0	0	400	-750	0	0	0	0
0	0	0	50	0	90	50	0	-0.882352941176471	0	0	400	-750	0	0	0	0
0	0	0	50	0	90	50	0	-1.32352941176471	0	0	400	-750	0	0	0	0
0	0	0	50	0	90	50	0	-1.76470588235294	0	0	400	-750	0	0	0	0
0	0	0	50	0	90	50	0	-2.20588235294118	0	0	400	-750	0	0	0	0
0	0	0	50	0	90	50	0	-2.64705882352941	0	0	400	-750	0	0	0	0
0	0	0	50	0	90	50	0	-3.08823529411765	0	0	400	-750	0	0	0	0
0	0	0	50	0	90	50	0	-3.52941176470588	0	0	400	-750	0	0	0	0
0	0	0	50	0	90	50	0	-3.97058823529412	0	0	400	-750	0	0	0	0
0	0	0	50	0	90	50	0	-4.41176470588235	0	0	400	-750	0	0	0	0
0	0	0	50	0	90	50	0	-4.85294117647059	0	0	400	-750	0	0	0	0
0	0	0	50	0	90	50	0	-5.29411764705882	0	0	400	-750	0	0	0	0
0	0	0	50	0	90	50	0	-5.73529411764706	0	0	400	-750	0	0	0	0
0	0	0	50	0	90	50	0	-6.17647058823529	0	0	400	-750	0	0	0	0
0	0	0	50	0	90	50	0	-6.61764705882353	0	0	400	-750	0	0	0	0
0	0	0	50	0	90	50	0	-7.05882352941176	0	0	400	-750	0	0	0	0
0	0	0	50	0	90	50	0	-7.5	0	0	400	-750	0	0	0	0
0	0	0	50	0	90	50	0	-7.94117647058824	0	0	400	-750	0	0	0	0
0	0	0	50	0	90	50	0	-8.38235294117647	0	0	400	-750	0	0	0	0
0	0	0	50	0	90	50	0	-8.82352941176471	0	0	400	-750	0	0	0	0
0	0	0	50	0	90	50	0	-9.26470588235294	0	0	400	-750	0	0	0	0
0	0	0	50	0	90	50	0	-9.70588235294118	0	0	400	-750	0	0	0	0
0	0	0	50	0	90	50	0	-10.1470588235294	0	0	400	-750	0	0	0	0
0	0	0	50	0	90	50	0	-10.5882352941176	0	0	400	-750	0	0	0	0
0	0	0	50	0	90	50	0	-11.0294117647059	0	0	400	-750	0	0	0	0
0	0	0	50	0	90	50	0	-11.4705882352941	0	0	400	-750	0	0	0	0
0	0	0	50	0	90	50	0	-11.9117647058824	0	0	400	-750	0	0	0	0
0	0	0	50	0	90	50	0	-12.3529411764706	0	0	400	-750	0	0	0	0
0	0	0	50	0	90	50	0	-12.7941176470588	0	0	400	-750	0	0	0	0
0	0	0	50	0	90	50	0	-13.2352941176471	0	0	400	-750	0	0	0	0
0	0	0	50	0	90	50	0	-13.6764705882353	0	0	400	-750	0	0	0	0
0	0	0	50	0	90	50	0	-14.1176470588235	0	0	400	-750	0	0	0	0
0	0	0	50	0	90	50	0	-14.5588235294118	0	0	400	-750	0	0	0	0
0	0	0	50	0	90	50	0	-15	0	0	400	-750	0	0	0	0
0	0	0	50	0	90	50	0	-15.4411764705882	0	0	400	-750	0	0	0	0
0	0	0	50	0	90	50	0	-15.8823529411765	0	0	400	-750	0	0	0	0
0	0	0	50	0	90	50	0	-16.3235294117647	0	0	400	-750	0	0	0	0
0	0	0	50	0	90	50	0	-16.7647058823529	0	0	400	-750	0	0	0	0
0	0	0	50	0	90	50	0	-17.2058823529412	0	0	400	-750	0	0	0	0
0	0	0	50	0	90	50	0	-17.6470588235294	0	0	400	-750	0	0	0	0
0	0	0	50	0	90	50	0	-18.0882352941176	0	0	400	-750	0	0	0	0
0	0	0	50	0	90	50	0	-18.5294117647059	0	0	400	-750	0	0	0	0
0	0	0	50	0	90	50	0	-18.9705882352941	0	0	400	-750	0	0	0	0
0	0	0	50	0	90	50	0	-19.4117647058824	0	0	400	-750	0	0	0	0
0	0	0	50	0	90	50	0	-19.8529411764706	0	0	400	-750	0	0	0	0
0	0	0	50	0	90	50	0	-20.2941176470588	0	0	400	-750	0	0	0	0
0	0	0	50	0	90	50	0	-20.7352941176471	0	0	400	-750	0	0	0	0
0	0	0	50	0	90	50	0	-21.1764705882353	0	0	400	-750	0	0	0	0
0	0	0	50	0	90	50	0	-21.6176470588235	0	0	400	-750	0	0	0	0
0	0	0	50	0	90	50	0	-22.0588235294118	0	0	400	-750	0	0	0	0
0	0	0	50	0	90	50	0	-22.5	0	0	400	-750	0	0	0	0
0	0	0	50	0	90	50	0	-22.5	0	0	400	-750	0	0	0	0
0	0	0	50	0	90	50	0	-22.05	0	0	400	-750	0	0	0	0
0	0	0	50	0	90	50	0	-21.6	0	0	400	-750	0	0	0	0
0	0	0	50	0	90	50	0	-21.15	0	0	400	-750	0	0	0	0
0	0	0	50	0	90	50	0	-20.7	0	0	400	-750	0	0	0	0
0	0	0	50	0	90	50	0	-20.25	0	0	400	-750	0	0	0	0
0	0	0	50	0	90	50	0	-19.8	0	0	400	-750	0	0	0	0
0	0	0	50	0	90	50	0	-19.35	0	0	400	-750	0	0	0	0
0	0	0	50	0	90	50	0	-18.9	0	0	400	-750	0	0	0	0
0	0	0	50	0	90	50	0	-18.45	0	0	400	-750	0	0	0	0
0	0	0	50	0	90	50	0	-18	0	0	400	-750	0	0	0	0
0	0	0	50	0	90	50	0	-17.55	0	0	400	-750	0	0	0	0
0	0	0	50	0	90	50	0	-17.1	0	0	400	-750	0	0	0	0
0	0	0	50	0	90	50	0	-16.65	0	0	400	-750	0	0	0	0
0	0	0	50	0	90	50	0	-16.2	0	0	400	-750	0	0	0	0
0	0	0	50	0	90	50	0	-15.75	0	0	400	-750	0	0	0	0
0	0	0	50	0	90	50	0	-15.3	0	0	400	-750	0	0	0	0
0	0	0	50	0	90	50	0	-14.85	0	0	400	-750	0	0	0	0
0	0	0	50	0	90	50	0	-14.4	0	0	400	-750	0	0	0	0
0	0	0	50	0	90	50	0	-13.95	0	0	400	-750	0	0	0	0
0	0	0	50	0	90	50	0	-13.5	0	0	400	-750	0	0	0	0
0	0	0	50	0	90	50	0	-13.05	0	0	400	-750	0	0	0	0
0	0	0	50	0	90	50	0	-12.6	0	0	400	-750	0	0	0	0
0	0	0	50	0	90	50	0	-12.15	0	0	400	-750	0	0	0	0
0	0	0	50	0	90	50	0	-11.7	0	0	400	-750	0	0	0	0
0	0	0	50	0	90	50	0	-11.25	0	0	400	-750	0	0	0	0
0	0	0	50	0	90	50	0	-10.8	0	0	400	-750	0	0	0	0
0	0	0	50	0	90	50	0	-10.35	0	0	400	-750	0	0	0	0
0	0	0	50	0	90	50	0	-9.9	0	0	400	-750	0	0	0	0
0	0	0	50	0	90	50	0	-9.45	0	0	400	-750	0	0	0	0
0	0	0	50	0	90	50	0	-9	0	0	400	-750	0	0	0	0
0	0	0	50	0	90	50	0	-8.55	0	0	400	-750	0	0	0	0
0	0	0	50	0	90	50	0	-8.1	0	0	400	-750	0	0	0	0
0	0	0	50	0	90	50	0	-7.65	0	0	400	-750	0	0	0	0
0	0	0	50	0	90	50	0	-7.2	0	0	400	-750	0	0	0	0
0	0	0	50	0	90	50	0	-6.75	0	0	400	-750	0	0	0	0
0	0	0	50	0	90	50	0	-6.3	0	0	400	-750	0	0	0	0
0	0	0	50	0	90	50	0	-5.85	0	0	400	-750	0	0	0	0
0	0	0	50	0	90	50	0	-5.4	0	0	400	-750	0	0	0	0
0	0	0	50	0	90	50	0	-4.95	0	0	400	-750	0	0	0	0
0	0	0	50	0	90	50	0	-4.5	0	0	400	-750	0	0	0	0
0	0	0	50	0	90	50	0	-4.05	0	0	400	-750	0	0	0	0
0	0	0	50	0	90	50	0	-3.6	0	0	400	-750	0	0	0	0
0	0	0	50	0	90	50	0	-3.15	0	0	400	-750	0	0	0	0
0	0	0	50	0	90	50	0	-2.7	0	0	400	-750	0	0	0	0
0	0	0	50	0	90	50	0	-2.25	0	0	400	-750	0	0	0	0
0	0	0	50	0	90	50	0	-1.8	0	0	400	-750	0	0	0	0
0	0	0	50	0	90	50	0	-1.35	0	0	400	-750	0	0	0	0
0	0	0	50	0	90	50	0	-0.9	0	0	400	-750	0	0	0	0
0	0	0	50	0	90	50	0	-0.45	0	0	400	-750	0	0	0	0
0	0	0	50	0	90	50	0	0	0	0	400	-750	0	0	0	0
0	0	0	50	0	90	50	0	0.45	0	0	400	-750	0	0	0	0
0	0	0	50	0	90	50	0	0.9	0	0	400	-750	0	0	0	0
0	0	0	50	0	90	50	0	1.35	0	0	400	-750	0	0	0	0
0	0	0	50	0	90	50	0	1.8	0	0	400	-750	0	0	0	0
0	0	0	50	0	90	50	0	2.25	0	0	400	-750	0	0	0	0
0	0	0	50	0	90	50	0	2.7	0	0	400	-750	0	0	0	0
0	0	0	50	0	90	50	0	3.15	0	0	400	-750	0	0	0	0
0	0	0	50	0	90	50	0	3.6	0	0	400	-750	0	0	0	0
0	0	0	50	0	90	50	0	4.05	0	0	400	-750	0	0	0	0
0	0	0	50	0	90	50	0	4.5	0	0	400	-750	0	0	0	0
0	0	0	50	0	90	50	0	4.95	0	0	400	-750	0	0	0	0
0	0	0	50	0	90	50	0	5.4	0	0	400	-750	0	0	0	0
0	0	0	50	0	90	50	0	5.85	0	0	400	-750	0	0	0	0
0	0	0	50	0	90	50	0	6.3	0	0	400	-750	0	0	0	0
0	0	0	50	0	90	50	0	6.75	0	0	400	-750	0	0	0	0
0	0	0	50	0	90	50	0	7.2	0	0	400	-750	0	0	0	0
0	0	0	50	0	90	50	0	7.65	0	0	400	-750	0	0	0	0
0	0	0	50	0	90	50	0	8.1	0	0	400	-750	0	0	0	0
0	0	0	50	0	90	50	0	8.55	0	0	400	-750	0	0	0	0
0	0	0	50	0	90	50	0	9	0	0	400	-750	0	0	0	0
0	0	0	50	0	90	50	0	9.45	0	0	400	-750	0	0	0	0
0	0	0	50	0	90	50	0	9.9	0	0	400	-750	0	0	0	0
0	0	0	50	0	90	50	0	10.35	0	0	400	-750	0	0	0	0
0	0	0	50	0	90	50	0	10.8	0	0	400	-750	0	0	0	0
0	0	0	50	0	90	50	0	11.25	0	0	400	-750	0	0	0	0
0	0	0	50	0	90	50	0	11.7	0	0	400	-750	0	0	0	0
0	0	0	50	0	90	50	0	12.15	0	0	400	-750	0	0	0	0
0	0	0	50	0	90	50	0	12.6	0	0	400	-750	0	0	0	0
0	0	0	50	0	90	50	0	13.05	0	0	400	-750	0	0	0	0
0	0	0	50	0	90	50	0	13.5	0	0	400	-750	0	0	0	0
0	0	0	50	0	90	50	0	13.95	0	0	400	-750	0	0	0	0
0	0	0	50	0	90	50	0	14.4	0	0	400	-750	0	0	0	0
0	0	0	50	0	90	50	0	14.85	0	0	400	-750	0	0	0	0
0	0	0	50	0	90	50	0	15.3	0	0	400	-750	0	0	0	0
0	0	0	50	0	90	50	0	15.75	0	0	400	-750	0	0	0	0
0	0	0	50	0	90	50	0	16.2	0	0	400	-750	0	0	0	0
0	0	0	50	0	90	50	0	16.65	0	0	400	-750	0	0	0	0
0	0	0	50	0	90	50	0	17.1	0	0	400	-750	0	0	0	0
0	0	0	50	0	90	50	0	17.55	0	0	400	-750	0	0	0	0
0	0	0	50	0	90	50	0	18	0	0	400	-750	0	0	0	0
0	0	0	50	0	90	50	0	18.45	0	0	400	-750	0	0	0	0
0	0	0	50	0	90	50	0	18.9	0	0	400	-750	0	0	0	0
0	0	0	50	0	90	50	0	19.35	0	0	400	-750	0	0	0	0
0	0	0	50	0	90	50	0	19.8	0	0	400	-750	0	0	0	0
0	0	0	50	0	90	50	0	20.25	0	0	400	-750	0	0	0	0
0	0	0	50	0	90	50	0	20.7	0	0	400	-750	0	0	0	0
0	0	0	50	0	90	50	0	21.15	0	0	400	-750	0	0	0	0
0	0	0	50	0	90	50	0	21.6	0	0	400	-750	0	0	0	0
0	0	0	50	0	90	50	0	22.05	0	0	400	-750	0	0	0	0
0	0	0	50	0	90	50	0	22.5	0	0	400	-750	0	0	0	0
0	0	0	50	0	90	50	0	22.5	0	0	400	-750	0	0	0	0
0	0	0	50	0	90	50	0	22.0588235294118	0	0	400	-750	0	0	0	0
0	0	0	50	0	90	50	0	21.6176470588235	0	0	400	-750	0	0	0	0
0	0	0	50	0	90	50	0	21.1764705882353	0	0	400	-750	0	0	0	0
0	0	0	50	0	90	50	0	20.7352941176471	0	0	400	-750	0	0	0	0
0	0	0	50	0	90	50	0	20.2941176470588	0	0	400	-750	0	0	0	0
0	0	0	50	0	90	50	0	19.8529411764706	0	0	400	-750	0	0	0	0
0	0	0	50	0	90	50	0	19.4117647058824	0	0	400	-750	0	0	0	0
0	0	0	50	0	90	50	0	18.9705882352941	0	0	400	-750	0	0	0	0
0	0	0	50	0	90	50	0	18.5294117647059	0	0	400	-750	0	0	0	0
0	0	0	50	0	90	50	0	18.0882352941176	0	0	400	-750	0	0	0	0
0	0	0	50	0	90	50	0	17.6470588235294	0	0	400	-750	0	0	0	0
0	0	0	50	0	90	50	0	17.2058823529412	0	0	400	-750	0	0	0	0
0	0	0	50	0	90	50	0	16.7647058823529	0	0	400	-750	0	0	0	0
0	0	0	50	0	90	50	0	16.3235294117647	0	0	400	-750	0	0	0	0
0	0	0	50	0	90	50	0	15.8823529411765	0	0	400	-750	0	0	0	0
0	0	0	50	0	90	50	0	15.4411764705882	0	0	400	-750	0	0	0	0
0	0	0	50	0	90	50	0	15	0	0	400	-750	0	0	0	0
0	0	0	50	0	90	50	0	14.5588235294118	0	0	400	-750	0	0	0	0
0	0	0	50	0	90	50	0	14.1176470588235	0	0	400	-750	0	0	0	0
0	0	0	50	0	90	50	0	13.6764705882353	0	0	400	-750	0	0	0	0
0	0	0	50	0	90	50	0	13.2352941176471	0	0	400	-750	0	0	0	0
0	0	0	50	0	90	50	0	12.7941176470588	0	0	400	-750	0	0	0	0
0	0	0	50	0	90	50	0	12.3529411764706	0	0	400	-750	0	0	0	0
0	0	0	50	0	90	50	0	11.9117647058824	0	0	400	-750	0	0	0	0
0	0	0	50	0	90	50	0	11.4705882352941	0	0	400	-750	0	0	0	0
0	0	0	50	0	90	50	0	11.0294117647059	0	0	400	-750	0	0	0	0
0	0	0	50	0	90	50	0	10.5882352941176	0	0	400	-750	0	0	0	0
0	0	0	50	0	90	50	0	10.1470588235294	0	0	400	-750	0	0	0	0
0	0	0	50	0	90	50	0	9.70588235294118	0	0	400	-750	0	0	0	0
0	0	0	50	0	90	50	0	9.26470588235294	0	0	400	-750	0	0	0	0
0	0	0	50	0	90	50	0	8.82352941176471	0	0	400	-750	0	0	0	0
0	0	0	50	0	90	50	0	8.38235294117647	0	0	400	-750	0	0	0	0
0	0	0	50	0	90	50	0	7.94117647058824	0	0	400	-750	0	0	0	0
0	0	0	50	0	90	50	0	7.5	0	0	400	-750	0	0	0	0
0	0	0	50	0	90	50	0	7.05882352941176	0	0	400	-750	0	0	0	0
0	0	0	50	0	90	50	0	6.61764705882353	0	0	400	-750	0	0	0	0
0	0	0	50	0	90	50	0	6.17647058823529	0	0	400	-750	0	0	0	0
0	0	0	50	0	90	50	0	5.73529411764706	0	0	400	-750	0	0	0	0
0	0	0	50	0	90	50	0	5.29411764705882	0	0	400	-750	0	0	0	0
0	0	0	50	0	90	50	0	4.85294117647059	0	0	400	-750	0	0	0	0
0	0	0	50	0	90	50	0	4.41176470588235	0	0	400	-750	0	0	0	0
0	0	0	50	0	90	50	0	3.97058823529412	0	0	400	-750	0	0	0	0
0	0	0	50	0	90	50	0	3.52941176470588	0	0	400	-750	0	0	0	0
0	0	0	50	0	90	50	0	3.08823529411765	0	0	400	-750	0	0	0	0
0	0	0	50	0	90	50	0	2.64705882352941	0	0	400	-750	0	0	0	0
0	0	0	50	0	90	50	0	2.20588235294118	0	0	400	-750	0	0	0	0
0	0	0	50	0	90	50	0	1.76470588235294	0	0	400	-750	0	0	0	0
0	0	0	50	0	90	50	0	1.32352941176471	0	0	400	-750	0	0	0	0
0	0	0	50	0	90	50	0	0.882352941176471	0	0	400	-750	0	0	0	0
0	0	0	50	0	90	50	0	0.441176470588234	0	0	400	-750	0	0	0	0
0	0	0	50	0	90	50	0	0	0	0	400	-750	0	0	0	0
0	0	0	50	0	90	50	0	0	0	0	400	-750	0	0	0	0
0	0	0	50	0	90	50	0	0	-3.52941176470588	0	400	-750	0	0	0	0
0	0	0	50	0	90	50	0	0	-7.05882352941176	0	400	-750	0	0	0	0
0	0	0	50	0	90	50	0	0	-10.5882352941176	0	400	-750	0	0	0	0
0	0	0	50	0	90	50	0	0	-14.1176470588235	0	400	-750	0	0	0	0
0	0	0	50	0	90	50	0	0	-17.6470588235294	0	400	-750	0	0	0	0
0	0	0	50	0	90	50	0	0	-21.1764705882353	0	400	-750	0	0	0	0
0	0	0	50	0	90	50	0	0	-24.7058823529412	0	400	-750	0	0	0	0
0	0	0	50	0	90	50	0	0	-28.2352941176471	0	400	-750	0	0	0	0
0	0	0	50	0	90	50	0	0	-31.7647058823529	0	400	-750	0	0	0	0
0	0	0	50	0	90	50	0	0	-35.2941176470588	0	400	-750	0	0	0	0
0	0	0	50	0	90	50	0	0	-38.8235294117647	0	400	-750	0	0	0	0
0	0	0	50	0	90	50	0	0	-42.3529411764706	0	400	-750	0	0	0	0
0	0	0	50	0	90	50	0	0	-45.8823529411765	0	400	-750	0	0	0	0
0	0	0	50	0	90	50	0	0	-49.4117647058824	0	400	-750	0	0	0	0
0	0	0	50	0	90	50	0	0	-52.9411764705882	0	400	-750	0	0	0	0
0	0	0	50	0	90	50	0	0	-56.4705882352941	0	400	-750	0	0	0	0
0	0	0	50	0	90	50	0	0	-60	0	400	-750	0	0	0	0
0	0	0	50	0	90	50	0	0	-63.5294117647059	0	400	-750	0	0	0	0
0	0	0	50	0	90	50	0	0	-67.0588235294118	0	400	-750	0	0	0	0
0	0	0	50	0	90	50	0	0	-70.5882352941177	0	400	-750	0	0	0	0
0	0	0	50	0	90	50	0	0	-74.1176470588235	0	400	-750	0	0	0	0
0	0	0	50	0	90	50	0	0	-77.6470588235294	0	400	-750	0	0	0	0
0	0	0	50	0	90	50	0	0	-81.1764705882353	0	400	-750	0	0	0	0
0	0	0	50	0	90	50	0	0	-84.7058823529412	0	400	-750	0	0	0	0
0	0	0	50	0	90	50	0	0	-88.2352941176471	0	400	-750	0	0	0	0
0	0	0	50	0	90	50	0	0	-91.7647058823529	0	400	-750	0	0	0	0
0	0	0	50	0	90	50	0	0	-95.2941176470588	0	400	-750	0	0	0	0
0	0	0	50	0	90	50	0	0	-98.8235294117647	0	400	-750	0	0	0	0
0	0	0	50	0	90	50	0	0	-102.352941176471	0	400	-750	0	0	0	0
0	0	0	50	0	90	50	0	0	-105.882352941176	0	400	-750	0	0	0	0
0	0	0	50	0	90	50	0	0	-109.411764705882	0	400	-750	0	0	0	0
0	0	0	50	0	90	50	0	0	-112.941176470588	0	400	-750	0	0	0	0
0	0	0	50	0	90	50	0	0	-116.470588235294	0	400	-750	0	0	0	0
0	0	0	50	0	90	50	0	0	-120	0	400	-750	0	0	0	0
0	0	0	50	0	90	50	0	0	-123.529411764706	0	400	-750	0	0	0	0
0	0	0	50	0	90	50	0	0	-127.058823529412	0	400	-750	0	0	0	0
0	0	0	50	0	90	50	0	0	-130.588235294118	0	400	-750	0	0	0	0
0	0	0	50	0	90	50	0	0	-134.117647058824	0	400	-750	0	0	0	0
0	0	0	50	0	90	50	0	0	-137.647058823529	0	400	-750	0	0	0	0
0	0	0	50	0	90	50	0	0	-141.176470588235	0	400	-750	0	0	0	0
0	0	0	50	0	90	50	0	0	-144.705882352941	0	400	-750	0	0	0	0
0	0	0	50	0	90	50	0	0	-148.235294117647	0	400	-750	0	0	0	0
0	0	0	50	0	90	50	0	0	-151.764705882353	0	400	-750	0	0	0	0
0	0	0	50	0	90	50	0	0	-155.294117647059	0	400	-750	0	0	0	0
0	0	0	50	0	90	50	0	0	-158.823529411765	0	400	-750	0	0	0	0
0	0	0	50	0	90	50	0	0	-162.352941176471	0	400	-750	0	0	0	0
0	0	0	50	0	90	50	0	0	-165.882352941176	0	400	-750	0	0	0	0
0	0	0	50	0	90	50	0	0	-169.411764705882	0	400	-750	0	0	0	0
0	0	0	50	0	90	50	0	0	-172.941176470588	0	400	-750	0	0	0	0
0	0	0	50	0	90	50	0	0	-176.470588235294	0	400	-750	0	0	0	0
0	0	0	50	0	90	50	0	0	-180	0	400	-750	0	0	0	0
0	0	0	50	0	90	50	0	0	-180	0	400	-750	0	0	0	0
0	0	0	50	0	90	50	0	0	-176.4	0	400	-750	0	0	0	0
0	0	0	50	0	90	50	0	0	-172.8	0	400	-750	0	0	0	0
0	0	0	50	0	90	50	0	0	-169.2	0	400	-750	0	0	0	0
0	0	0	50	0	90	50	0	0	-165.6	0	400	-750	0	0	0	0
0	0	0	50	0	90	50	0	0	-162	0	400	-750	0	0	0	0
0	0	0	50	0	90	50	0	0	-158.4	0	400	-750	0	0	0	0
0	0	0	50	0	90	50	0	0	-154.8	0	400	-750	0	0	0	0
0	0	0	50	0	90	50	0	0	-151.2	0	400	-750	0	0	0	0
0	0	0	50	0	90	50	0	0	-147.6	0	400	-750	0	0	0	0
0	0	0	50	0	90	50	0	0	-144	0	400	-750	0	0	0	0
0	0	0	50	0	90	50	0	0	-140.4	0	400	-750	0	0	0	0
0	0	0	50	0	90	50	0	0	-136.8	0	400	-750	0	0	0	0
0	0	0	50	0	90	50	0	0	-133.2	0	400	-750	0	0	0	0
0	0	0	50	0	90	50	0	0	-129.6	0	400	-750	0	0	0	0
0	0	0	50	0	90	50	0	0	-126	0	400	-750	0	0	0	0
0	0	0	50	0	90	50	0	0	-122.4	0	400	-750	0	0	0	0
0	0	0	50	0	90	50	0	0	-118.8	0	400	-750	0	0	0	0
0	0	0	50	0	90	50	0	0	-115.2	0	400	-750	0	0	0	0
0	0	0	50	0	90	50	0	0	-111.6	0	400	-750	0	0	0	0
0	0	0	50	0	90	50	0	0	-108	0	400	-750	0	0	0	0
0	0	0	50	0	90	50	0	0	-104.4	0	400	-750	0	0	0	0
0	0	0	50	0	90	50	0	0	-100.8	0	400	-750	0	0	0	0
0	0	0	50	0	90	50	0	0	-97.2	0	400	-750	0	0	0	0
0	0	0	50	0	90	50	0	0	-93.6	0	400	-750	0	0	0	0
0	0	0	50	0	90	50	0	0	-90	0	400	-750	0	0	0	0
0	0	0	50	0	90	50	0	0	-86.4	0	400	-750	0	0	0	0
0	0	0	50	0	90	50	0	0	-82.8	0	400	-750	0	0	0	0
0	0	0	50	0	90	50	0	0	-79.2	0	400	-750	0	0	0	0
0	0	0	50	0	90	50	0	0	-75.6	0	400	-750	0	0	0	0
0	0	0	50	0	90	50	0	0	-72	0	400	-750	0	0	0	0
0	0	0	50	0	90	50	0	0	-68.4	0	400	-750	0	0	0	0
0	0	0	50	0	90	50	0	0	-64.8	0	400	-750	0	0	0	0
0	0	0	50	0	90	50	0	0	-61.2	0	400	-750	0	0	0	0
0	0	0	50	0	90	50	0	0	-57.6	0	400	-750	0	0	0	0
0	0	0	50	0	90	50	0	0	-54	0	400	-750	0	0	0	0
0	0	0	50	0	90	50	0	0	-50.4	0	400	-750	0	0	0	0
0	0	0	50	0	90	50	0	0	-46.8	0	400	-750	0	0	0	0
0	0	0	50	0	90	50	0	0	-43.2	0	400	-750	0	0	0	0
0	0	0	50	0	90	50	0	0	-39.6	0	400	-750	0	0	0	0
0	0	0	50	0	90	50	0	0	-36	0	400	-750	0	0	0	0
0	0	0	50	0	90	50	0	0	-32.4	0	400	-750	0	0	0	0
0	0	0	50	0	90	50	0	0	-28.8	0	400	-750	0	0	0	0
0	0	0	50	0	90	50	0	0	-25.2	0	400	-750	0	0	0	0
0	0	0	50	0	90	50	0	0	-21.6	0	400	-750	0	0	0	0
0	0	0	50	0	90	50	0	0	-18	0	400	-750	0	0	0	0
0	0	0	50	0	90	50	0	0	-14.4	0	400	-750	0	0	0	0
0	0	0	50	0	90	50	0	0	-10.8	0	400	-750	0	0	0	0
0	0	0	50	0	90	50	0	0	-7.2	0	400	-750	0	0	0	0
0	0	0	50	0	90	50	0	0	-3.6	0	400	-750	0	0	0	0
0	0	0	50	0	90	50	0	0	0	0	400	-750	0	0	0	0
0	0	0	50	0	90	50	0	0	3.6	0	400	-750	0	0	0	0
0	0	0	50	0	90	50	0	0	7.2	0	400	-750	0	0	0	0
0	0	0	50	0	90	50	0	0	10.8	0	400	-750	0	0	0	0
0	0	0	50	0	90	50	0	0	14.4	0	400	-750	0	0	0	0
0	0	0	50	0	90	50	0	0	18	0	400	-750	0	0	0	0
0	0	0	50	0	90	50	0	0	21.6	0	400	-750	0	0	0	0
0	0	0	50	0	90	50	0	0	25.2	0	400	-750	0	0	0	0
0	0	0	50	0	90	50	0	0	28.8	0	400	-750	0	0	0	0
0	0	0	50	0	90	50	0	0	32.4	0	400	-750	0	0	0	0
0	0	0	50	0	90	50	0	0	36	0	400	-750	0	0	0	0
0	0	0	50	0	90	50	0	0	39.6	0	400	-750	0	0	0	0
0	0	0	50	0	90	50	0	0	43.2	0	400	-750	0	0	0	0
0	0	0	50	0	90	50	0	0	46.8	0	400	-750	0	0	0	0
0	0	0	50	0	90	50	0	0	50.4	0	400	-750	0	0	0	0
0	0	0	50	0	90	50	0	0	54	0	400	-750	0	0	0	0
0	0	0	50	0	90	50	0	0	57.6	0	400	-750	0	0	0	0
0	0	0	50	0	90	50	0	0	61.2	0	400	-750	0	0	0	0
0	0	0	50	0	90	50	0	0	64.8	0	400	-750	0	0	0	0
0	0	0	50	0	90	50	0	0	68.4	0	400	-750	0	0	0	0
0	0	0	50	0	90	50	0	0	72	0	400	-750	0	0	0	0
0	0	0	50	0	90	50	0	0	75.6	0	400	-750	0	0	0	0
0	0	0	50	0	90	50	0	0	79.2	0	400	-750	0	0	0	0
0	0	0	50	0	90	50	0	0	82.8	0	400	-750	0	0	0	0
0	0	0	50	0	90	50	0	0	86.4	0	400	-750	0	0	0	0
0	0	0	50	0	90	50	0	0	90	0	400	-750	0	0	0	0
0	0	0	50	0	90	50	0	0	93.6	0	400	-750	0	0	0	0
0	0	0	50	0	90	50	0	0	97.2	0	400	-750	0	0	0	0
0	0	0	50	0	90	50	0	0	100.8	0	400	-750	0	0	0	0
0	0	0	50	0	90	50	0	0	104.4	0	400	-750	0	0	0	0
0	0	0	50	0	90	50	0	0	108	0	400	-750	0	0	0	0
0	0	0	50	0	90	50	0	0	111.6	0	400	-750	0	0	0	0
0	0	0	50	0	90	50	0	0	115.2	0	400	-750	0	0	0	0
0	0	0	50	0	90	50	0	0	118.8	0	400	-750	0	0	0	0
0	0	0	50	0	90	50	0	0	122.4	0	400	-750	0	0	0	0
0	0	0	50	0	90	50	0	0	126	0	400	-750	0	0	0	0
0	0	0	50	0	90	50	0	0	129.6	0	400	-750	0	0	0	0
0	0	0	50	0	90	50	0	0	133.2	0	400	-750	0	0	0	0
0	0	0	50	0	90	50	0	0	136.8	0	400	-750	0	0	0	0
0	0	0	50	0	90	50	0	0	140.4	0	400	-750	0	0	0	0
0	0	0	50	0	90	50	0	0	144	0	400	-750	0	0	0	0
0	0	0	50	0	90	50	0	0	147.6	0	400	-750	0	0	0	0
0	0	0	50	0	90	50	0	0	151.2	0	400	-750	0	0	0	0
0	0	0	50	0	90	50	0	0	154.8	0	400	-750	0	0	0	0
0	0	0	50	0	90	50	0	0	158.4	0	400	-750	0	0	0	0
0	0	0	50	0	90	50	0	0	162	0	400	-750	0	0	0	0
0	0	0	50	0	90	50	0	0	165.6	0	400	-750	0	0	0	0
0	0	0	50	0	90	50	0	0	169.2	0	400	-750	0	0	0	0
0	0	0	50	0	90	50	0	0	172.8	0	400	-750	0	0	0	0
0	0	0	50	0	90	50	0	0	176.4	0	400	-750	0	0	0	0
0	0	0	50	0	90	50	0	0	180	0	400	-750	0	0	0	0
0	0	0	50	0	90	50	0	0	180	0	400	-750	0	0	0	0
0	0	0	50	0	90	50	0	0	176.470588235294	0	400	-750	0	0	0	0
0	0	0	50	0	90	50	0	0	172.941176470588	0	400	-750	0	0	0	0
0	0	0	50	0	90	50	0	0	169.411764705882	0	400	-750	0	0	0	0
0	0	0	50	0	90	50	0	0	165.882352941176	0	400	-750	0	0	0	0
0	0	0	50	0	90	50	0	0	162.352941176471	0	400	-750	0	0	0	0
0	0	0	50	0	90	50	0	0	158.823529411765	0	400	-750	0	0	0	0
0	0	0	50	0	90	50	0	0	155.294117647059	0	400	-750	0	0	0	0
0	0	0	50	0	90	50	0	0	151.764705882353	0	400	-750	0	0	0	0
0	0	0	50	0	90	50	0	0	148.235294117647	0	400	-750	0	0	0	0
0	0	0	50	0	90	50	0	0	144.705882352941	0	400	-750	0	0	0	0
0	0	0	50	0	90	50	0	0	141.176470588235	0	400	-750	0	0	0	0
0	0	0	50	0	90	50	0	0	137.647058823529	0	400	-750	0	0	0	0
0	0	0	50	0	90	50	0	0	134.117647058824	0	400	-750	0	0	0	0
0	0	0	50	0	90	50	0	0	130.588235294118	0	400	-750	0	0	0	0
0	0	0	50	0	90	50	0	0	127.058823529412	0	400	-750	0	0	0	0
0	0	0	50	0	90	50	0	0	123.529411764706	0	400	-750	0	0	0	0
0	0	0	50	0	90	50	0	0	120	0	400	-750	0	0	0	0
0	0	0	50	0	90	50	0	0	116.470588235294	0	400	-750	0	0	0	0
0	0	0	50	0	90	50	0	0	112.941176470588	0	400	-750	0	0	0	0
0	0	0	50	0	90	50	0	0	109.411764705882	0	400	-750	0	0	0	0
0	0	0	50	0	90	50	0	0	105.882352941176	0	400	-750	0	0	0	0
0	0	0	50	0	90	50	0	0	102.352941176471	0	400	-750	0	0	0	0
0	0	0	50	0	90	50	0	0	98.8235294117647	0	400	-750	0	0	0	0
0	0	0	50	0	90	50	0	0	95.2941176470588	0	400	-750	0	0	0	0
0	0	0	50	0	90	50	0	0	91.7647058823529	0	400	-750	0	0	0	0
0	0	0	50	0	90	50	0	0	88.235294117647	0	400	-750	0	0	0	0
0	0	0	50	0	90	50	0	0	84.7058823529412	0	400	-750	0	0	0	0
0	0	0	50	0	90	50	0	0	81.1764705882353	0	400	-750	0	0	0	0
0	0	0	50	0	90	50	0	0	77.6470588235294	0	400	-750	0	0	0	0
0	0	0	50	0	90	50	0	0	74.1176470588235	0	400	-750	0	0	0	0
0	0	0	50	0	90	50	0	0	70.5882352941177	0	400	-750	0	0	0	0
0	0	0	50	0	90	50	0	0	67.0588235294118	0	400	-750	0	0	0	0
0	0	0	50	0	90	50	0	0	63.5294117647059	0	400	-750	0	0	0	0
0	0	0	50	0	90	50	0	0	60	0	400	-750	0	0	0	0
0	0	0	50	0	90	50	0	0	56.4705882352941	0	400	-750	0	0	0	0
0	0	0	50	0	90	50	0	0	52.9411764705882	0	400	-750	0	0	0	0
0	0	0	50	0	90	50	0	0	49.4117647058823	0	400	-750	0	0	0	0
0	0	0	50	0	90	50	0	0	45.8823529411765	0	400	-750	0	0	0	0
0	0	0	50	0	90	50	0	0	42.3529411764706	0	400	-750	0	0	0	0
0	0	0	50	0	90	50	0	0	38.8235294117647	0	400	-750	0	0	0	0
0	0	0	50	0	90	50	0	0	35.2941176470588	0	400	-750	0	0	0	0
0	0	0	50	0	90	50	0	0	31.7647058823529	0	400	-750	0	0	0	0
0	0	0	50	0	90	50	0	0	28.2352941176471	0	400	-750	0	0	0	0
0	0	0	50	0	90	50	0	0	24.7058823529412	0	400	-750	0	0	0	0
0	0	0	50	0	90	50	0	0	21.1764705882353	0	400	-750	0	0	0	0
0	0	0	50	0	90	50	0	0	17.6470588235294	0	400	-750	0	0	0	0
0	0	0	50	0	90	50	0	0	14.1176470588235	0	400	-750	0	0	0	0
0	0	0	50	0	90	50	0	0	10.5882352941176	0	400	-750	0	0	0	0
0	0	0	50	0	90	50	0	0	7.05882352941177	0	400	-750	0	0	0	0
0	0	0	50	0	90	50	0	0	3.52941176470587	0	400	-750	0	0	0	0
0	0	0	50	0	90	50	0	0	0	0	400	-750	0	0	0	0
