ship_roll	ship_pitch	ship_yaw	d1	theta2	theta3	d4	theta5	theta6	theta7	catcher	x	y	z	drone_roll	drone_pitch	drone_yaw
0	0	0	50	0	90	50	0	0	0	0	400	-750	0	0	0	0
0	0	0	50.25	0	90	50	0	0	0	0	400	-750	0	0	0	0
0	0	0	50.5	0	90	50	0	0	0	0	400	-750	0	0	0	0
0	0	0	50.75	0	90	50	0	0	0	0	400	-750	0	0	0	0
0	0	0	51	0	90	50	0	0	0	0	400	-750	0	0	0	0
0	0	0	51.25	0	90	50	0	0	0	0	400	-750	0	0	0	0
0	0	0	51.5	0	90	50	0	0	0	0	400	-750	0	0	0	0
0	0	0	51.75	0	90	50	0	0	0	0	400	-750	0	0	0	0
0	0	0	52	0	90	50	0	0	0	0	400	-750	0	0	0	0
0	0	0	52.25	0	90	50	0	0	0	0	400	-750	0	0	0	0
0	0	0	52.5	0	90	50	0	0	0	0	400	-750	0	0	0	0
0	0	0	52.75	0	90	50	0	0	0	0	400	-750	0	0	0	0
0	0	0	53	0	90	50	0	0	0	0	400	-750	0	0	0	0
0	0	0	53.25	0	90	50	0	0	0	0	400	-750	0	0	0	0
0	0	0	53.5	0	90	50	0	0	0	0	400	-750	0	0	0	0
0	0	0	53.75	0	90	50	0	0	0	0	400	-750	0	0	0	0
0	0	0	54	0	90	50	0	0	0	0	400	-750	0	0	0	0
0	0	0	54.25	0	90	50	0	0	0	0	400	-750	0	0	0	0
0	0	0	54.5	0	90	50	0	0	0	0	400	-750	0	0	0	0
0	0	0	54.75	0	90	50	0	0	0	0	400	-750	0	0	0	0
0	0	0	55	0	90	50	0	0	0	0	400	-750	0	0	0	0
0	0	0	55.25	0	90	50	0	0	0	0	400	-750	0	0	0	0
0	0	0	55.5	0	90	50	0	0	0	0	400	-750	0	0	0	0
0	0	0	55.75	0	90	50	0	0	0	0	400	-750	0	0	0	0
0	0	0	56	0	90	50	0	0	0	0	400	-750	0	0	0	0
0	0	0	56.25	0	90	50	0	0	0	0	400	-750	0	0	0	0
0	0	0	56.5	0	90	50	0	0	0	0	400	-750	0	0	0	0
0	0	0	56.75	0	90	50	0	0	0	0	400	-750	0	0	0	0
0	0	0	57	0	90	50	0	0	0	0	400	-750	0	0	0	0
0	0	0	57.25	0	90	50	0	0	0	0	400	-750	0	0	0	0
0	0	0	57.5	0	90	50	0	0	0	0	400	-750	0	0	0	0
0	0	0	57.75	0	90	50	0	0	0	0	400	-750	0	0	0	0
0	0	0	58	0	90	50	0	0	0	0	400	-750	0	0	0	0
0	0	0	58.25	0	90	50	0	0	0	0	400	-750	0	0	0	0
0	0	0	58.5	0	90	50	0	0	0	0	400	-750	0	0	0	0
0	0	0	58.75	0	90	50	0	0	0	0	400	-750	0	0	0	0
0	0	0	59	0	90	50	0	0	0	0	400	-750	0	0	0	0
0	0	0	59.25	0	90	50	0	0	0	0	400	-750	0	0	0	0
0	0	0	59.5	0	90	50	0	0	0	0	400	-750	0	0	0	0
0	0	0	59.75	0	90	50	0	0	0	0	400	-750	0	0	0	0
0	0	0	60	0	90	50	0	0	0	0	400	-750	0	0	0	0
0	0	0	60.25	0	90	50	0	0	0	0	400	-750	0	0	0	0
0	0	0	60.5	0	90	50	0	0	0	0	400	-750	0	0	0	0
0	0	0	60.75	0	90	50	0	0	0	0	400	-750	0	0	0	0
0	0	0	61	0	90	50	0	0	0	0	400	-750	0	0	0	0
0	0	0	61.25	0	90	50	0	0	0	0	400	-750	0	0	0	0
0	0	0	61.5	0	90	50	0	0	0	0	400	-750	0	0	0	0
0	0	0	61.75	0	90	50	0	0	0	0	400	-750	0	0	0	0
0	0	0	62	0	90	50	0	0	0	0	400	-750	0	0	0	0
0	0	0	62.25	0	90	50	0	0	0	0	400	-750	0	0	0	0
0	0	0	62.5	0	90	50	0	0	0	0	400	-750	0	0	0	0
0	0	0	62.75	0	90	50	0	0	0	0	400	-750	0	0	0	0
0	0	0	63	0	90	50	0	0	0	0	400	-750	0	0	0	0
0	0	0	63.25	0	90	50	0	0	0	0	400	-750	0	0	0	0
0	0	0	63.5	0	90	50	0	0	0	0	400	-750	0	0	0	0
0	0	0	63.75	0	90	50	0	0	0	0	400	-750	0	0	0	0
0	0	0	64	0	90	50	0	0	0	0	400	-750	0	0	0	0
0	0	0	64.25	0	90	50	0	0	0	0	400	-750	0	0	0	0
0	0	0	64.5	0	90	50	0	0	0	0	400	-750	0	0	0	0
0	0	0	64.75	0	90	50	0	0	0	0	400	-750	0	0	0	0
0	0	0	65	0	90	50	0	0	0	0	400	-750	0	0	0	0
0	0	0	65.25	0	90	50	0	0	0	0	400	-750	0	0	0	0
0	0	0	65.5	0	90	50	0	0	0	0	400	-750	0	0	0	0
0	0	0	65.75	0	90	50	0	0	0	0	400	-750	0	0	0	0
0	0	0	66	0	90	50	0	0	0	0	400	-750	0	0	0	0
0	0	0	66.25	0	90	50	0	0	0	0	400	-750	0	0	0	0
0	0	0	66.5	0	90	50	0	0	0	0	400	-750	0	0	0	0
0	0	0	66.75	0	90	50	0	0	0	0	400	-750	0	0	0	0
0	0	0	67	0	90	50	0	0	0	0	400	-750	0	0	0	0
0	0	0	67.25	0	90	50	0	0	0	0	400	-750	0	0	0	0
0	0	0	67.5	0	90	50	0	0	0	0	400	-750	0	0	0	0
0	0	0	67.75	0	90	50	0	0	0	0	400	-750	0	0	0	0
0	0	0	68	0	90	50	0	0	0	0	400	-750	0	0	0	0
0	0	0	68.25	0	90	50	0	0	0	0	400	-750	0	0	0	0
0	0	0	68.5	0	90	50	0	0	0	0	400	-750	0	0	0	0
0	0	0	68.75	0	90	50	0	0	0	0	400	-750	0	0	0	0
0	0	0	69	0	90	50	0	0	0	0	400	-750	0	0	0	0
0	0	0	69.25	0	90	50	0	0	0	0	400	-750	0	0	0	0
0	0	0	69.5	0	90	50	0	0	0	0	400	-750	0	0	0	0
0	0	0	69.75	0	90	50	0	0	0	0	400	-750	0	0	0	0
0	0	0	70	0	90	50	0	0	0	0	400	-750	0	0	0	0
0	0	0	70.25	0	90	50	0	0	0	0	400	-750	0	0	0	0
0	0	0	70.5	0	90	50	0	0	0	0	400	-750	0	0	0	0
0	0	0	70.75	0	90	50	0	0	0	0	400	-750	0	0	0	0
0	0	0	71	0	90	50	0	0	0	0	400	-750	0	0	0	0
0	0	0	71.25	0	90	50	0	0	0	0	400	-750	0	0	0	0
0	0	0	71.5	0	90	50	0	0	0	0	400	-750	0	0	0	0
0	0	0	71.75	0	90	50	0	0	0	0	400	-750	0	0	0	0
0	0	0	72	0	90	50	0	0	0	0	400	-750	0	0	0	0
0	0	0	72.25	0	90	50	0	0	0	0	400	-750	0	0	0	0
0	0	0	72.5	0	90	50	0	0	0	0	400	-750	0	0	0	0
0	0	0	72.75	0	90	50	0	0	0	0	400	-750	0	0	0	0
0	0	0	73	0	90	50	0	0	0	0	400	-750	0	0	0	0
0	0	0	73.25	0	90	50	0	0	0	0	400	-750	0	0	0	0
0	0	0	73.5	0	90	50	0	0	0	0	400	-750	0	0	0	0
0	0	0	73.75	0	90	50	0	0	0	0	400	-750	0	0	0	0
0	0	0	74	0	90	50	0	0	0	0	400	-750	0	0	0	0
0	0	0	74.25	0	90	50	0	0	0	0	400	-750	0	0	0	0
0	0	0	74.5	0	90	50	0	0	0	0	400	-750	0	0	0	0
0	0	0	74.75	0	90	50	0	0	0	0	400	-750	0	0	0	0
0	0	0	75	0	90	50	0	0	0	0	400	-750	0	0	0	0
0	0	0	75	0	90	50	0	0	0	0	400	-750	0	0	0	0
0	0	0	74.7524752475248	0	90	50	0	0	0	0	400	-750	0	0	0	0
0	0	0	74.5049504950495	0	90	50	0	0	0	0	400	-750	0	0	0	0
0	0	0	74.2574257425743	0	90	50	0	0	0	0	400	-750	0	0	0	0
0	0	0	74.009900990099	0	90	50	0	0	0	0	400	-750	0	0	0	0
0	0	0	73.7623762376238	0	90	50	0	0	0	0	400	-750	0	0	0	0
0	0	0	73.5148514851485	0	90	50	0	0	0	0	400	-750	0	0	0	0
0	0	0	73.2673267326733	0	90	50	0	0	0	0	400	-750	0	0	0	0
0	0	0	73.019801980198	0	90	50	0	0	0	0	400	-750	0	0	0	0
0	0	0	72.7722772277228	0	90	50	0	0	0	0	400	-750	0	0	0	0
0	0	0	72.5247524752475	0	90	50	0	0	0	0	400	-750	0	0	0	0
0	0	0	72.2772277227723	0	90	50	0	0	0	0	400	-750	0	0	0	0
0	0	0	72.029702970297	0	90	50	0	0	0	0	400	-750	0	0	0	0
0	0	0	71.7821782178218	0	90	50	0	0	0	0	400	-750	0	0	0	0
0	0	0	71.5346534653465	0	90	50	0	0	0	0	400	-750	0	0	0	0
0	0	0	71.2871287128713	0	90	50	0	0	0	0	400	-750	0	0	0	0
0	0	0	71.039603960396	0	90	50	0	0	0	0	400	-750	0	0	0	0
0	0	0	70.7920792079208	0	90	50	0	0	0	0	400	-750	0	0	0	0
0	0	0	70.5445544554455	0	90	50	0	0	0	0	400	-750	0	0	0	0
0	0	0	70.2970297029703	0	90	50	0	0	0	0	400	-750	0	0	0	0
0	0	0	70.049504950495	0	90	50	0	0	0	0	400	-750	0	0	0	0
0	0	0	69.8019801980198	0	90	50	0	0	0	0	400	-750	0	0	0	0
0	0	0	69.5544554455445	0	90	50	0	0	0	0	400	-750	0	0	0	0
0	0	0	69.3069306930693	0	90	50	0	0	0	0	400	-750	0	0	0	0
0	0	0	69.0594059405941	0	90	50	0	0	0	0	400	-750	0	0	0	0
0	0	0	68.8118811881188	0	90	50	0	0	0	0	400	-750	0	0	0	0
0	0	0	68.5643564356436	0	90	50	0	0	0	0	400	-750	0	0	0	0
0	0	0	68.3168316831683	0	90	50	0	0	0	0	400	-750	0	0	0	0
0	0	0	68.0693069306931	0	90	50	0	0	0	0	400	-750	0	0	0	0
0	0	0	67.8217821782178	0	90	50	0	0	0	0	400	-750	0	0	0	0
0	0	0	67.5742574257426	0	90	50	0	0	0	0	400	-750	0	0	0	0
0	0	0	67.3267326732673	0	90	50	0	0	0	0	400	-750	0	0	0	0
0	0	0	67.0792079207921	0	90	50	0	0	0	0	400	-750	0	0	0	0
0	0	0	66.8316831683168	0	90	50	0	0	0	0	400	-750	0	0	0	0
0	0	0	66.5841584158416	0	90	50	0	0	0	0	400	-750	0	0	0	0
0	0	0	66.3366336633663	0	90	50	0	0	0	0	400	-750	0	0	0	0
0	0	0	66.0891089108911	0	90	50	0	0	0	0	400	-750	0	0	0	0
0	0	0	65.8415841584158	0	90	50	0	0	0	0	400	-750	0	0	0	0
0	0	0	65.5940594059406	0	90	50	0	0	0	0	400	-750	0	0	0	0
0	0	0	65.3465346534653	0	90	50	0	0	0	0	400	-750	0	0	0	0
0	0	0	65.0990099009901	0	90	50	0	0	0	0	400	-750	0	0	0	0
0	0	0	64.8514851485149	0	90	50	0	0	0	0	400	-750	0	0	0	0
0	0	0	64.6039603960396	0	90	50	0	0	0	0	400	-750	0	0	0	0
0	0	0	64.3564356435644	0	90	50	0	0	0	0	400	-750	0	0	0	0
0	0	0	64.1089108910891	0	90	50	0	0	0	0	400	-750	0	0	0	0
0	0	0	63.8613861386139	0	90	50	0	0	0	0	400	-750	0	0	0	0
0	0	0	63.6138613861386	0	90	50	0	0	0	0	400	-750	0	0	0	0
0	0	0	63.3663366336634	0	90	50	0	0	0	0	400	-750	0	0	0	0
0	0	0	63.1188118811881	0	90	50	0	0	0	0	400	-750	0	0	0	0
0	0	0	62.8712871287129	0	90	50	0	0	0	0	400	-750	0	0	0	0
0	0	0	62.6237623762376	0	90	50	0	0	0	0	400	-750	0	0	0	0
0	0	0	62.3762376237624	0	90	50	0	0	0	0	400	-750	0	0	0	0
0	0	0	62.1287128712871	0	90	50	0	0	0	0	400	-750	0	0	0	0
0	0	0	61.8811881188119	0	90	50	0	0	0	0	400	-750	0	0	0	0
0	0	0	61.6336633663366	0	90	50	0	0	0	0	400	-750	0	0	0	0
0	0	0	61.3861386138614	0	90	50	0	0	0	0	400	-750	0	0	0	0
0	0	0	61.1386138613861	0	90	50	0	0	0	0	400	-750	0	0	0	0
0	0	0	60.8910891089109	0	90	50	0	0	0	0	400	-750	0	0	0	0
0	0	0	60.6435643564356	0	90	50	0	0	0	0	400	-750	0	0	0	0
0	0	0	60.3960396039604	0	90	50	0	0	0	0	400	-750	0	0	0	0
0	0	0	60.1485148514851	0	90	50	0	0	0	0	400	-750	0	0	0	0
0	0	0	59.9009900990099	0	90	50	0	0	0	0	400	-750	0	0	0	0
0	0	0	59.6534653465347	0	90	50	0	0	0	0	400	-750	0	0	0	0
0	0	0	59.4059405940594	0	90	50	0	0	0	0	400	-750	0	0	0	0
0	0	0	59.1584158415842	0	90	50	0	0	0	0	400	-750	0	0	0	0
0	0	0	58.9108910891089	0	90	50	0	0	0	0	400	-750	0	0	0	0
0	0	0	58.6633663366337	0	90	50	0	0	0	0	400	-750	0	0	0	0
0	0	0	58.4158415841584	0	90	50	0	0	0	0	400	-750	0	0	0	0
0	0	0	58.1683168316832	0	90	50	0	0	0	0	400	-750	0	0	0	0
0	0	0	57.9207920792079	0	90	50	0	0	0	0	400	-750	0	0	0	0
0	0	0	57.6732673267327	0	90	50	0	0	0	0	400	-750	0	0	0	0
0	0	0	57.4257425742574	0	90	50	0	0	0	0	400	-750	0	0	0	0
0	0	0	57.1782178217822	0	90	50	0	0	0	0	400	-750	0	0	0	0
0	0	0	56.9306930693069	0	90	50	0	0	0	0	400	-750	0	0	0	0
0	0	0	56.6831683168317	0	90	50	0	0	0	0	400	-750	0	0	0	0
0	0	0	56.4356435643564	0	90	50	0	0	0	0	400	-750	0	0	0	0
0	0	0	56.1881188118812	0	90	50	0	0	0	0	400	-750	0	0	0	0
0	0	0	55.9405940594059	0	90	50	0	0	0	0	400	-750	0	0	0	0
0	0	0	55.6930693069307	0	90	50	0	0	0	0	400	-750	0	0	0	0
0	0	0	55.4455445544554	0	90	50	0	0	0	0	400	-750	0	0	0	0
0	0	0	55.1980198019802	0	90	50	0	0	0	0	400	-750	0	0	0	0
0	0	0	54.950495049505	0	90	50	0	0	0	0	400	-750	0	0	0	0
0	0	0	54.7029702970297	0	90	50	0	0	0	0	400	-750	0	0	0	0
0	0	0	54.4554455445545	0	90	50	0	0	0	0	400	-750	0	0	0	0
0	0	0	54.2079207920792	0	90	50	0	0	0	0	400	-750	0	0	0	0
0	0	0	53.960396039604	0	90	50	0	0	0	0	400	-750	0	0	0	0
0	0	0	53.7128712871287	0	90	50	0	0	0	0	400	-750	0	0	0	0
0	0	0	53.4653465346535	0	90	50	0	0	0	0	400	-750	0	0	0	0
0	0	0	53.2178217821782	0	90	50	0	0	0	0	400	-750	0	0	0	0
0	0	0	52.970297029703	0	90	50	0	0	0	0	400	-750	0	0	0	0
0	0	0	52.7227722772277	0	90	50	0	0	0	0	400	-750	0	0	0	0
0	0	0	52.4752475247525	0	90	50	0	0	0	0	400	-750	0	0	0	0
0	0	0	52.2277227722772	0	90	50	0	0	0	0	400	-750	0	0	0	0
0	0	0	51.980198019802	0	90	50	0	0	0	0	400	-750	0	0	0	0
0	0	0	51.7326732673267	0	90	50	0	0	0	0	400	-750	0	0	0	0
0	0	0	51.4851485148515	0	90	50	0	0	0	0	400	-750	0	0	0	0
0	0	0	51.2376237623762	0	90	50	0	0	0	0	400	-750	0	0	0	0
0	0	0	50.990099009901	0	90	50	0	0	0	0	400	-750	0	0	0	0
0	0	0	50.7425742574257	0	90	50	0	0	0	0	400	-750	0	0	0	0
0	0	0	50.4950495049505	0	90	50	0	0	0	0	400	-750	0	0	0	0
0	0	0	50.2475247524752	0	90	50	0	0	0	0	400	-750	0	0	0	0
0	0	0	50	0	90	50	0	0	0	0	400	-750	0	0	0	0
