ship_roll	ship_pitch	ship_yaw	d1	theta2	theta3	d4	theta5	theta6	theta7	catcher	x	y	z	drone_roll	drone_pitch	drone_yaw
0	0	0	50.5	-2.86478897565412	92.8647889756541	50.5	-2.86478897565412	0	2.86478897565412	0	435	-790	55	0	5	0
0	0	0	51	-5.1944289077348	95.7295779513082	51	-5.72957795130823	0	5.1944289077348	0	435	-785.068030380839	54.1780050634732	0	5	0
0	0	0	51.5	-5.1944289077348	98.5943669269624	51.5	-8.59436692696235	0	5.1944289077348	0	435	-780.136060761679	53.3560101269464	0	5	0
0	0	0	52	-5.1944289077348	101.459155902616	52	-11.4591559026165	0	5.1944289077348	0	435	-775.204091142518	52.5340151904196	0	5	0
0	0	0	52.5	-5.1944289077348	104.323944878271	52.5	-14.3239448782706	0	5.1944289077348	0	435	-770.272121523357	51.7120202538929	0	5	0
0	0	0	53	-5.1944289077348	107.188733853925	53	-17.1887338539247	0	5.1944289077348	0	435	-765.340151904197	50.8900253173661	0	5	0
0	0	0	53.5	-5.1944289077348	110.053522829579	53.5	-20.0535228295788	0	5.1944289077348	0	435	-760.408182285036	50.0680303808393	0	5	0
0	0	0	54	-5.1944289077348	111.289410982882	54	-21.2894109828818	0	5.1944289077348	0	435	-755.476212665875	49.2460354443125	0	5	0
0	0	0	54.5	-5.1944289077348	110.942778751788	54.5	-20.9427787517882	0	5.1944289077348	0	435	-750.544243046715	48.4240405077857	0	5	0
0	0	0	55	-5.1944289077348	110.70768630233	55	-20.7076863023304	0	5.1944289077348	0	435	-745.612273427554	47.6020455712589	0	5	0
0	0	0	55.5	-5.1944289077348	110.460405313796	55.5	-20.4604053137959	0	5.1944289077348	0	435	-740.680303808393	46.7800506347321	0	5	0
0	0	0	56	-5.1944289077348	110.20884570969	56	-20.2088457096903	0	5.1944289077348	0	435	-735.748334189233	45.9580556982054	0	5	0
0	0	0	56.5	-5.1944289077348	109.952373162634	56.5	-19.9523731626342	0	5.1944289077348	0	435	-730.816364570072	45.1360607616786	0	5	0
0	0	0	57	-5.1944289077348	109.690838085227	57	-19.6908380852274	0	5.1944289077348	0	435	-725.884394950911	44.3140658251518	0	5	0
0	0	0	57.5	-5.1944289077348	109.424057403826	57.5	-19.4240574038263	0	5.1944289077348	0	435	-720.952425331751	43.492070888625	0	5	0
0	0	0	57.8200268291944	-5.1944289077348	109.151839981421	58	-19.1518399814213	0	5.1944289077348	0	435	-716.02045571259	42.6700759520982	0	5	0
0	0	0	57.9570446329732	-5.1944289077348	109.024891594703	58.4177554268441	-19.0248915947032	0	5.1944289077348	0	435	-711.088486093429	41.8480810155714	0	5	0
0	0	0	57.9570446329732	-5.1944289077348	109.024891594703	58.4177554268441	-19.0248915947032	0	5.1944289077348	0	435	-706.156516474269	41.0260860790447	0	5	0
0	0	0	57.9570446329732	-5.1944289077348	109.024891594703	58.4177554268441	-19.0248915947032	0	5.1944289077348	0	435	-701.224546855108	40.2040911425179	0	5	0
0	0	0	57.9570446329732	-5.1944289077348	109.024891594703	58.4177554268441	-19.0248915947032	0	5.1944289077348	0	435	-696.292577235947	39.3820962059911	0	5	0
0	0	0	57.9570446329732	-5.1944289077348	109.024891594703	58.4177554268441	-19.0248915947032	0	5.1944289077348	0	435	-691.360607616787	38.5601012694643	0	5	0
0	0	0	57.9570446329732	-5.1944289077348	109.024891594703	58.4177554268441	-19.0248915947032	0	5.1944289077348	0	435	-686.428637997626	37.7381063329375	0	5	0
0	0	0	57.9570446329732	-5.1944289077348	109.024891594703	58.4177554268441	-19.0248915947032	0	5.1944289077348	0	435	-681.496668378465	36.9161113964107	0	5	0
0	0	0	57.9570446329732	-5.1944289077348	109.024891594703	58.4177554268441	-19.0248915947032	0	5.1944289077348	0	435	-676.564698759305	36.0941164598839	0	5	0
0	0	0	57.9570446329732	-5.1944289077348	109.024891594703	58.4177554268441	-19.0248915947032	0	5.1944289077348	0	435	-671.632729140144	35.2721215233572	0	5	0
0	0	0	57.9570446329732	-5.1944289077348	109.024891594703	58.4177554268441	-19.0248915947032	0	5.1944289077348	0	435	-666.700759520983	34.4501265868304	0	5	0
0	0	0	57.9570446329732	-5.1944289077348	109.024891594703	58.4177554268441	-19.0248915947032	0	5.1944289077348	0	435	-661.768789901823	33.6281316503036	0	5	0
0	0	0	57.9570446329732	-5.1944289077348	109.024891594703	58.4177554268441	-19.0248915947032	0	5.1944289077348	0	435	-656.836820282662	32.8061367137768	0	5	0
0	0	0	57.9570446329732	-5.1944289077348	109.024891594703	58.4177554268441	-19.0248915947032	0	5.1944289077348	0	435	-651.904850663501	31.98414177725	0	5	0
0	0	0	57.9570446329732	-5.1944289077348	109.024891594703	58.4177554268441	-19.0248915947032	0	5.1944289077348	0	435	-646.972881044341	31.1621468407232	0	5	0
0	0	0	57.9570446329732	-5.1944289077348	109.024891594703	58.4177554268441	-19.0248915947032	0	5.1944289077348	0	435	-642.04091142518	30.3401519041964	0	5	0
0	0	0	57.9570446329732	-5.1944289077348	109.024891594703	58.4177554268441	-19.0248915947032	0	5.1944289077348	0	435	-637.108941806019	29.5181569676697	0	5	0
0	0	0	57.9570446329732	-5.1944289077348	109.024891594703	58.4177554268441	-19.0248915947032	0	5.1944289077348	0	435	-632.176972186859	28.6961620311429	0	5	0
0	0	0	57.9570446329732	-5.1944289077348	109.024891594703	58.4177554268441	-19.0248915947032	0	5.1944289077348	0	435	-627.245002567698	27.8741670946161	0	5	0
0	0	0	57.9570446329732	-5.1944289077348	109.024891594703	58.4177554268441	-19.0248915947032	0	5.1944289077348	0	435	-622.313032948537	27.0521721580893	0	5	0
0	0	0	57.9570446329732	-5.1944289077348	109.024891594703	58.4177554268441	-19.0248915947032	0	5.1944289077348	0	435	-617.381063329377	26.2301772215625	0	5	0
0	0	0	57.9570446329732	-5.1944289077348	109.024891594703	58.4177554268441	-19.0248915947032	0	5.1944289077348	0	435	-612.449093710216	25.4081822850357	0	5	0
0	0	0	57.9570446329732	-5.1944289077348	109.024891594703	58.4177554268441	-19.0248915947032	0	5.1944289077348	0	435	-607.517124091055	24.586187348509	0	5	0
0	0	0	57.9570446329732	-5.1944289077348	109.024891594703	58.4177554268441	-19.0248915947032	0	5.1944289077348	0	435	-602.585154471895	23.7641924119822	0	5	0
0	0	0	57.9570446329732	-5.1944289077348	109.024891594703	58.4177554268441	-19.0248915947032	0	5.1944289077348	0	435	-597.653184852734	22.9421974754554	0	5	0
0	0	0	57.9570446329732	-5.1944289077348	109.024891594703	58.4177554268441	-19.0248915947032	0	5.1944289077348	0	435	-592.721215233573	22.1202025389286	0	5	0
0	0	0	57.9570446329732	-5.1944289077348	109.024891594703	58.4177554268441	-19.0248915947032	0	5.1944289077348	0	435	-587.789245614413	21.2982076024018	0	5	0
0	0	0	57.9570446329732	-5.1944289077348	109.024891594703	58.4177554268441	-19.0248915947032	0	5.1944289077348	0	435	-582.857275995252	20.476212665875	0	5	0
0	0	0	57.9570446329732	-5.1944289077348	109.024891594703	58.4177554268441	-19.0248915947032	0	5.1944289077348	0	435	-577.925306376091	19.6542177293482	0	5	0
0	0	0	57.9570446329732	-5.1944289077348	109.024891594703	58.4177554268441	-19.0248915947032	0	5.1944289077348	0	435	-572.993336756931	18.8322227928215	0	5	0
0	0	0	57.9570446329732	-5.1944289077348	109.024891594703	58.4177554268441	-19.0248915947032	0	5.1944289077348	0	435	-568.06136713777	18.0102278562947	0	5	0
0	0	0	57.9570446329732	-5.1944289077348	109.024891594703	58.4177554268441	-19.0248915947032	0	5.1944289077348	0	435	-563.129397518609	17.1882329197679	0	5	0
0	0	0	57.9570446329732	-5.1944289077348	109.024891594703	58.4177554268441	-19.0248915947032	0	5.1944289077348	0	435	-558.197427899449	16.3662379832411	0	5	0
0	0	0	57.9570446329732	-5.1944289077348	109.024891594703	58.4177554268441	-19.0248915947032	0	5.1944289077348	0	435	-553.265458280288	15.5442430467143	0	5	0
0	0	0	57.9570446329732	-5.1944289077348	109.024891594703	58.4177554268441	-19.0248915947032	0	5.1944289077348	0	435	-548.333488661127	14.7222481101875	0	5	0
0	0	0	57.9570446329732	-5.1944289077348	109.024891594703	58.4177554268441	-19.0248915947032	0	5.1944289077348	0	435	-543.401519041967	13.9002531736607	0	5	0
0	0	0	57.9570446329732	-5.1944289077348	109.024891594703	58.4177554268441	-19.0248915947032	0	5.1944289077348	0	435	-538.469549422806	13.078258237134	0	5	0
0	0	0	57.9570446329732	-5.1944289077348	109.024891594703	58.4177554268441	-19.0248915947032	0	5.1944289077348	0	435	-533.537579803645	12.2562633006072	0	5	0
0	0	0	57.9570446329732	-5.1944289077348	109.024891594703	58.4177554268441	-19.0248915947032	0	5.1944289077348	0	435	-528.605610184485	11.4342683640804	0	5	0
0	0	0	57.9570446329732	-5.1944289077348	109.024891594703	58.4177554268441	-19.0248915947032	0	5.1944289077348	0	435	-523.673640565324	10.6122734275536	0	5	0
0	0	0	57.9570446329732	-5.1944289077348	109.024891594703	58.4177554268441	-19.0248915947032	0	5.1944289077348	0	435	-518.741670946163	9.7902784910268	0	5	0
0	0	0	57.9570446329732	-5.1944289077348	109.024891594703	58.4177554268441	-19.0248915947032	0	5.1944289077348	0	435	-513.809701327003	8.96828355450002	0	5	0
0	0	0	57.9570446329732	-5.1944289077348	109.024891594703	58.4177554268441	-19.0248915947032	0	5.1944289077348	0	435	-508.877731707842	8.14628861797323	0	5	0
0	0	0	57.9570446329732	-5.1944289077348	109.024891594703	58.4177554268441	-19.0248915947032	0	5.1944289077348	0	435	-503.945762088681	7.32429368144644	0	5	0
0	0	0	57.9570446329732	-5.1944289077348	109.024891594703	58.4177554268441	-19.0248915947032	0	5.1944289077348	0	435	-499.01379246952	6.50229874491966	0	5	0
0	0	0	57.9570446329732	-5.1944289077348	109.024891594703	58.4177554268441	-19.0248915947032	0	5.1944289077348	0	435	-494.08182285036	5.68030380839287	0	5	0
0	0	0	57.9570446329732	-5.1944289077348	109.024891594703	58.4177554268441	-19.0248915947032	0	5.1944289077348	0	435	-489.149853231199	4.85830887186608	0	5	0
0	0	0	57.9570446329732	-5.1944289077348	109.024891594703	58.4177554268441	-19.0248915947032	0	5.1944289077348	-0	435	-489.149853231199	4.85830887186608	0	5	0
0	0	0	57.9570446329732	-5.1944289077348	109.024891594703	58.4177554268441	-19.0248915947032	0	5.1944289077348	-2.44318075552627	435	-486.206672475673	4.54667795765674	0	5	0
0	0	0	57.9570446329732	-5.1944289077348	109.024891594703	58.4177554268441	-19.0248915947032	0	5.1944289077348	-5.34075340294447	435	-483.309099828254	4.23378015155551	0	5	0
0	0	0	57.9570446329732	-5.1944289077348	109.024891594703	58.4177554268441	-19.0248915947032	0	5.1944289077348	-8.19271794225455	435	-480.457135288944	3.91961545356239	0	5	0
0	0	0	57.9570446329732	-5.1944289077348	109.024891594703	58.4177554268441	-19.0248915947032	0	5.1944289077348	-10.9990743734565	435	-477.650778857742	3.60418386367737	0	5	0
0	0	0	57.9570446329732	-5.1944289077348	109.024891594703	58.4177554268441	-19.0248915947032	0	5.1944289077348	-13.7598226965504	435	-474.890030534649	3.28748538190047	0	5	0
0	0	0	57.9570446329732	-5.1944289077348	109.024891594703	58.4177554268441	-19.0248915947032	0	5.1944289077348	-16.4749629115361	435	-472.174890319663	2.96952000823167	0	5	0
0	0	0	57.9570446329732	-5.1944289077348	109.024891594703	58.4177554268441	-19.0248915947032	0	5.1944289077348	-19.1444950184137	435	-469.505358212785	2.65028774267098	0	5	0
0	0	0	57.9570446329732	-5.1944289077348	109.024891594703	58.4177554268441	-19.0248915947032	0	5.1944289077348	-21.7684190171833	435	-466.881434214016	2.32978858521839	0	5	0
0	0	0	57.9570446329732	-5.1944289077348	109.024891594703	58.4177554268441	-19.0248915947032	0	5.1944289077348	-24.3467349078447	435	-464.303118323354	2.00802253587392	0	5	0
0	0	0	57.9570446329732	-5.1944289077348	109.024891594703	58.4177554268441	-19.0248915947032	0	5.1944289077348	-26.879442690398	435	-461.770410540801	1.68498959463755	0	5	0
0	0	0	57.9570446329732	-5.1944289077348	109.024891594703	58.4177554268441	-19.0248915947032	0	5.1944289077348	-29.3665423648433	435	-459.283310866356	1.36068976150929	0	5	0
0	0	0	57.9570446329732	-5.1944289077348	109.024891594703	58.4177554268441	-19.0248915947032	0	5.1944289077348	-31.8080339311804	435	-456.841819300019	1.03512303648914	0	5	0
0	0	0	57.9570446329732	-5.1944289077348	109.024891594703	58.4177554268441	-19.0248915947032	0	5.1944289077348	-34.2039173894094	435	-454.94593584179	0.608289419577102	0	8	0
0	0	0	57.9570446329732	-5.1944289077348	109.024891594703	58.4177554268441	-19.0248915947032	0	5.1944289077348	-36.0541927395303	435	-453.095660491669	0.608289419577102	0	11	0
0	0	0	57.9570446329732	-5.1944289077348	109.024891594703	58.4177554268441	-19.0248915947032	0	5.1944289077348	-37.858859981543	435	-451.290993249656	0.608289419577102	0	14	0
0	0	0	57.9570446329732	-5.1944289077348	109.024891594703	58.4177554268441	-19.0248915947032	0	5.1944289077348	-39.6179191154477	435	-449.531934115751	0.608289419577102	0	17	0
0	0	0	57.9570446329732	-5.1944289077348	109.024891594703	58.4177554268441	-19.0248915947032	0	5.1944289077348	-41.3313701412443	435	-447.818483089955	0.608289419577102	0	20	0
0	0	0	57.9570446329732	-5.1944289077348	109.024891594703	58.4177554268441	-19.0248915947032	0	5.1944289077348	-42.9992130589328	435	-446.150640172266	0.608289419577102	0	23	0
0	0	0	57.9570446329732	-5.1944289077348	109.024891594703	58.4177554268441	-19.0248915947032	0	5.1944289077348	-44.6214478685131	435	-444.528405362686	0.608289419577102	0	26	0
0	0	0	57.9570446329732	-5.1944289077348	109.024891594703	58.4177554268441	-19.0248915947032	0	5.1944289077348	-46.1980745699854	435	-442.951778661214	0.608289419577102	0	29	0
0	0	0	57.9570446329732	-5.1944289077348	109.024891594703	58.4177554268441	-19.0248915947032	0	5.1944289077348	-47.7290931633495	435	-441.420760067849	0.608289419577102	0	32	0
0	0	0	57.9570446329732	-5.1944289077348	109.024891594703	58.4177554268441	-19.0248915947032	0	5.1944289077348	-49.2145036486055	435	-439.935349582593	0.608289419577102	0	35	0
0	0	0	57.9570446329732	-5.1944289077348	109.024891594703	58.4177554268441	-19.0248915947032	0	5.1944289077348	-50.6543060257534	435	-438.495547205446	0.608289419577102	0	38	0
0	0	0	57.9570446329732	-5.1944289077348	109.024891594703	58.4177554268441	-19.0248915947032	0	5.1944289077348	-52.0485002947933	435	-437.101352936406	0.608289419577102	0	41	0
0	0	0	57.9570446329732	-5.1944289077348	109.024891594703	58.4177554268441	-19.0248915947032	0	5.1944289077348	-53.3970864557249	435	-435.752766775474	0.608289419577102	0	44	0
0	0	0	57.9570446329732	-5.1944289077348	109.024891594703	58.4177554268441	-19.0248915947032	0	5.1944289077348	-54.7000645085486	435	-434.44978872265	0.608289419577102	0	47	0
0	0	0	57.9570446329732	-5.1944289077348	109.024891594703	58.4177554268441	-19.0248915947032	0	5.1944289077348	-55.9574344532641	435	-432.692418777935	0.708289419577102	0	47	0
0	0	0	58.4570446329732	-2.32963993208069	106.160102619049	57.9177554268441	-16.1601026190491	0	8.05921788338892	-55.9574344532641	435.648921497087	-428.955935157003	-1.71486032906766	2.99211293012763	44.0078870698724	5.72957795130823
0	0	0	58.9570446329732	0.53514904357343	103.295313643395	57.4177554268441	-13.295313643395	0	10.924006859043	-55.9574344532641	435.957652854294	-425.172997360992	-4.13029681810106	5.98422586025526	41.0157741397447	11.4591559026165
0	0	0	59.4570446329732	3.39993801922755	100.430524667741	56.9177554268441	-10.4305246677409	0	13.7887958346972	-55.9574344532641	435.925606346402	-421.375853782014	-6.53009774138131	8.9763387903829	38.0236612096171	17.1887338539247
0	0	0	59.9570446329732	6.26472699488166	97.5657356920868	56.4177554268441	-7.56573569208678	0	16.6535848103513	-55.9574344532641	435.555334832257	-417.596411816117	-8.90650144723693	11.9684517205105	35.0315482794895	22.9183118052329
0	0	0	60.4570446329732	9.12951597053578	94.7009467164327	56.0089303438464	-4.70094671643267	0	19.5183737860054	-55.9574344532641	434.942174884987	-413.851511441428	-11.2444553842659	14.9605646506382	32.0394353493618	28.6478897565412
0	0	0	60.9570446329732	11.9943049461899	93.1942285840234	55.9886844613018	-3.19422858402338	0	22.3831627616595	-55.9574344532641	434.326769273939	-410.108232840194	-12.2149242923914	17.9526775807658	29.0473224192342	34.3774677078494
0	0	0	61.4570446329732	14.859093921844	92.9436901542461	55.9755598693965	-2.94369015424614	0	25.2479517373136	-55.9574344532641	433.44563783954	-406.417260470703	-11.9600698530641	20.9447905108934	26.0552094891066	40.1070456591576
0	0	0	61.9570446329732	17.7238828974981	92.7602914232756	55.9666345809789	-2.76029142327557	0	26.5650511770788	-55.9574344532641	432.381135854905	-402.774939073265	-11.6394504974939	23.1286655722791	23.8713344277209	44.288934074577
0	0	0	62.4570446329732	20.5886718731522	92.5274670954982	55.9561337865148	-2.52746709549821	0	26.565051177078	-55.9574344532641	431.135924022799	-399.190372554043	-11.3670946041271	24.6247220373425	22.3752779626575	47.1537230502303
0	0	0	62.8180712548316	23.4534608488064	92.2352071983476	55.9442652382618	-2.23520719834756	0	26.565051177078	-55.9574344532641	429.713114724403	-395.672520462504	-11.2917105804229	26.1207785024063	20.8792214975937	50.0185120258843
0	0	0	63.0513580987342	26.3182498244605	91.9964288926494	55.9356523628657	-1.99642889264941	0	26.565051177078	-55.9574344532641	428.116264241986	-392.230175596813	-11.2917105804229	27.6168349674701	19.3831650325299	52.8833010015385
0	0	0	63.2087376125169	29.1830388001146	91.8353050343155	55.9303908527449	-1.83530503431549	0	26.565051177078	-55.9574344532641	426.349363870129	-388.871942026396	-11.2917105804229	29.1128914325339	17.8871085674661	55.7480899771926
0	0	0	63.3151571380161	32.0478277757687	91.7263369803796	55.9270837382889	-1.72633698037959	0	26.565051177078	-55.9574344532641	424.416829939579	-385.606213586244	-11.2917105804229	30.6089478975977	16.3910521024023	58.6128789528467
0	0	0	63.3866056210031	34.9126167514228	91.6531703952308	55.9249769014005	-1.65317039523078	0	26.565051177078	-55.9574344532641	422.323492778717	-382.441152896699	-11.2917105804229	32.1050043626615	14.8949956373385	61.4776679285008
0	0	0	63.4337570275541	37.7774057270769	91.604882182677	55.9236364791198	-1.60488218267705	0	26.565051177078	-55.9574344532641	420.074584640258	-379.384670961153	-11.2917105804229	33.6010608277253	13.3989391722746	64.3424569041549
0	0	0	63.4640057598007	40.6421947027311	91.573902957625	55.9227974828327	-1.57390295762498	0	26.565051177078	-55.9574344532641	417.675726623337	-376.444407392661	-11.2917105804229	35.0971172927892	11.9028827072108	67.2072458798091
0	0	0	63.4826265849168	43.5069836783852	91.5548319893572	55.9222891348414	-1.55483198935719	0	26.565051177078	-55.9574344532641	415.132914623697	-373.627711318883	-11.2917105804229	36.593173757853	10.406826242147	70.0720348554632
0	0	0	63.4934487284128	46.3717726540393	91.5437480708196	55.9219965374442	-1.54374807081957	0	26.565051177078	-55.9574344532641	412.452504347066	-370.941623013098	-11.2917105804229	38.0892302229168	8.91076977708319	72.9368238311173
0	0	0	63.4992575701404	49.2365616296934	91.5377986722601	55.9218403474061	-1.53779867226012	0	26.565051177078	-55.9574344532641	409.641195423205	-368.392856297182	-11.2917105804229	39.5852866879806	7.41471331201937	75.8016128067714
0	0	0	63.5020449956052	52.1013506053475	91.5349437875378	55.9217656122837	-1.53494378753782	0	26.565051177078	-55.9574344532641	406.706014660321	-365.987781760552	-11.2917105804229	41.0813431530444	5.91865684695556	78.6664017824255
0	0	0	63.5031789192146	54.9661395810017	91.5337824193461	55.9217352497925	-1.53378241934608	0	26.565051177078	-55.9574344532641	403.65429848171	-363.732410837012	-11.2917105804229	42.5773996181083	4.42260038189173	81.5311907580796
0	0	0	63.5035332084759	57.8309285566558	91.5334195548917	55.9217257678814	-1.53341955489168	0	26.565051177078	-55.9574344532641	400.493674588514	-361.632380779296	-11.2917105804229	44.0734560831721	2.92654391682792	84.3959797337338
0	0	0	63.5036012652837	60.6957175323099	91.5333498508275	55.9217239467209	-1.53334985082748	0	26.565051177078	-55.9574344532641	397.232042894447	-359.692940568874	-11.2917105804229	45.5695125482359	1.43048745176411	87.2607687093879
0	0	0	63.5036051548692	63.434948822922	91.5333458670978	55.9217238426404	-1.53334586709779	0	26.565051177078	-55.9574344532641	394.026407780645	-357.993160037086	-11.2917105804229	47	0	90
0	0	0	63.0036051548692	66.2997377985761	88.6685568914437	55.4217238426404	1.33144310855632	0	23.7002622014239	-55.9574344532641	390.392031551705	-356.834692745949	-14.5758831957068	47	0	90
0	0	0	62.5036051548692	69.1645267742303	85.8037679157895	54.9217238426404	4.19623208421044	0	20.8354732257697	-55.9574344532641	386.678351959616	-355.99703924354	-17.8068713619175	47	0	90
0	0	0	62.0036051548692	72.0293157498844	82.9389789401354	54.4217238426404	7.06102105986456	0	17.9706842501156	-55.9574344532641	382.916151117524	-355.483290331574	-20.9779695165385	47	-1.04360964314765e-14	90
0	0	0	61.5036051548692	74.8941047255385	80.0741899644813	54.1588673273235	9.92581003551867	0	15.1058952744615	-55.9574344532641	379.196960325102	-355.067985464573	-24.1236234750631	47	-1.04360964314765e-14	90
0	0	0	61.0036051548692	77.7588937011926	77.2094009888272	54.1670928934591	12.7905990111728	0	12.2411062988074	-55.9574344532641	375.522498262787	-354.714430829281	-27.2800765390618	47	-1.04360964314765e-14	90
0	0	0	60.7068332095595	80.6236826768467	74.3446120131731	54.1181387481916	15.6553879868269	0	9.37631732315329	-55.9574344532641	371.830241169567	-354.734657353802	-30.1886996870339	47	-1.04360964314765e-14	90
0	0	0	60.6049978918515	83.4884716525008	71.479823037519	54.0792560796023	18.520176962481	0	6.51152834749917	-55.9574344532641	368.165350975154	-355.062926115859	-32.8643715054808	47	-1.04360964314765e-14	90
0	0	0	60.5811238008403	86.353260628155	68.6150340618648	54.0701642026868	21.3849659381351	0	3.64673937184505	-55.9574344532641	364.556564627701	-355.676629424861	-35.4263242213261	47	-1.04360964314765e-14	90
0	0	0	60.5795106383635	89.2180496038091	67.6284138187449	54.0695501933807	22.3715861812551	0	0.781950396190938	-55.9574344532641	361.03743884471	-355.888222759001	-36.2917105804229	47	-1.04360964314765e-14	90
0	0	0	60.5795104645357	90	67.6284139890809	54.0695501272198	22.3715860109191	0	-1.27222187258541e-14	-55.9574344532641	360.082135870646	-355.881703857085	-36.2917105804229	47	0	90
0	0	0	60.5795104645357	90	67.6284139890809	54.0695501272198	22.3715860109191	0	-1.27222187258541e-14	-55.9574344532641	360.082135870646	-355.881703857085	-36.2917105804229	47	0	90
0	0	0	60.5795104645357	90	67.6284139890809	54.0695501272198	22.3715860109191	0	-1.27222187258541e-14	-55.9574344532641	360.082135870646	-355.881703857085	-36.2917105804229	47	0	90
0	0	0	60.5795104645357	90	67.6284139890809	54.0695501272198	22.3715860109191	0	-1.27222187258541e-14	-55.9574344532641	360.082135870646	-355.881703857085	-36.2917105804229	47	0	90
0	0	0	60.5795104645357	90	67.6284139890809	54.0695501272198	22.3715860109191	0	-1.27222187258541e-14	-55.9574344532641	360.082135870646	-355.881703857085	-36.2917105804229	47	0	90
0	0	0	60.5795104645357	90	67.6284139890809	54.0695501272198	22.3715860109191	0	-1.27222187258541e-14	-55.9574344532641	360.082135870646	-355.881703857085	-36.2917105804229	47	0	90
0	0	0	60.5795104645357	90	67.6284139890809	54.0695501272198	22.3715860109191	0	-1.27222187258541e-14	-55.9574344532641	360.082135870646	-355.881703857085	-36.2917105804229	47	0	90
0	0	0	60.5795104645357	90	67.6284139890809	54.0695501272198	22.3715860109191	0	-1.27222187258541e-14	-55.9574344532641	360.082135870646	-355.881703857085	-36.2917105804229	47	0	90
0	0	0	60.5795104645357	90	67.6284139890809	54.0695501272198	22.3715860109191	0	-1.27222187258541e-14	-55.9574344532641	360.082135870646	-355.881703857085	-36.2917105804229	47	0	90
0	0	0	60.5795104645357	90	67.6284139890809	54.0695501272198	22.3715860109191	0	-1.27222187258541e-14	-55.9574344532641	360.082135870646	-355.881703857085	-36.2917105804229	47	0	90
0	0	0	60.5795104645357	90	67.6284139890809	54.0695501272198	22.3715860109191	0	-1.27222187258541e-14	-55.9574344532641	360.082135870646	-355.881703857085	-36.2917105804229	47	0	90
0	0	0	60.5795104645357	90	67.6284139890809	54.0695501272198	22.3715860109191	0	-1.27222187258541e-14	-55.9574344532641	360.082135870646	-355.881703857085	-36.2917105804229	47	0	90
0	0	0	60.5795104645357	90	67.6284139890809	54.0695501272198	22.3715860109191	0	-1.27222187258541e-14	-55.9574344532641	360.082135870646	-355.881703857085	-36.2917105804229	47	0	90
0	0	0	60.5795104645357	90	67.6284139890809	54.0695501272198	22.3715860109191	0	-1.27222187258541e-14	-55.9574344532641	360.082135870646	-355.881703857085	-36.2917105804229	47	0	90
0	0	0	60.5795104645357	90	67.6284139890809	54.0695501272198	22.3715860109191	0	-1.27222187258541e-14	-55.9574344532641	360.082135870646	-355.881703857085	-36.2917105804229	47	0	90
0	0	0	60.5795104645357	90	67.6284139890809	54.0695501272198	22.3715860109191	0	-1.27222187258541e-14	-55.9574344532641	360.082135870646	-355.881703857085	-36.2917105804229	47	0	90
0	0	0	60.5795104645357	90	67.6284139890809	54.0695501272198	22.3715860109191	0	-1.27222187258541e-14	-55.9574344532641	360.082135870646	-355.881703857085	-36.2917105804229	47	0	90
0	0	0	60.5795104645357	90	67.6284139890809	54.0695501272198	22.3715860109191	0	-1.27222187258541e-14	-55.9574344532641	360.082135870646	-355.881703857085	-36.2917105804229	47	0	90
0	0	0	60.5795104645357	90	67.6284139890809	54.0695501272198	22.3715860109191	0	-1.27222187258541e-14	-55.9574344532641	360.082135870646	-355.881703857085	-36.2917105804229	47	0	90
0	0	0	60.5795104645357	90	67.6284139890809	54.0695501272198	22.3715860109191	0	-1.27222187258541e-14	-55.9574344532641	360.082135870646	-355.881703857085	-36.2917105804229	47	0	90
0	0	0	60.5795104645357	90	67.6284139890809	54.0695501272198	22.3715860109191	0	-1.27222187258541e-14	-55.9574344532641	360.082135870646	-355.881703857085	-36.2917105804229	47	0	90
0	0	0	60.5795104645357	90	67.6284139890809	54.0695501272198	22.3715860109191	0	-1.27222187258541e-14	-55.9574344532641	360.082135870646	-355.881703857085	-36.2917105804229	47	0	90
0	0	0	60.5795104645357	90	67.6284139890809	54.0695501272198	22.3715860109191	0	-1.27222187258541e-14	-55.9574344532641	360.082135870646	-355.881703857085	-36.2917105804229	47	0	90
0	0	0	60.5795104645357	90	67.6284139890809	54.0695501272198	22.3715860109191	0	-1.27222187258541e-14	-55.9574344532641	360.082135870646	-355.881703857085	-36.2917105804229	47	0	90
0	0	0	60.5795104645357	90	67.6284139890809	54.0695501272198	22.3715860109191	0	-1.27222187258541e-14	-55.9574344532641	360.082135870646	-355.881703857085	-36.2917105804229	47	0	90
0	0	0	60.5795104645357	90	67.6284139890809	54.0695501272198	22.3715860109191	0	-1.27222187258541e-14	-55.9574344532641	360.082135870646	-355.881703857085	-36.2917105804229	47	0	90
0	0	0	60.5795104645357	90	67.6284139890809	54.0695501272198	22.3715860109191	0	-1.27222187258541e-14	-55.9574344532641	360.082135870646	-355.881703857085	-36.2917105804229	47	0	90
0	0	0	60.5795104645357	90	67.6284139890809	54.0695501272198	22.3715860109191	0	-1.27222187258541e-14	-55.9574344532641	360.082135870646	-355.881703857085	-36.2917105804229	47	0	90
0	0	0	60.5795104645357	90	67.6284139890809	54.0695501272198	22.3715860109191	0	-1.27222187258541e-14	-55.9574344532641	360.082135870646	-355.881703857085	-36.2917105804229	47	0	90
0	0	0	60.5795104645357	90	67.6284139890809	54.0695501272198	22.3715860109191	0	-1.27222187258541e-14	-55.9574344532641	360.082135870646	-355.881703857085	-36.2917105804229	47	0	90
0	0	0	60.5795104645357	90	67.6284139890809	54.0695501272198	22.3715860109191	0	-1.27222187258541e-14	-55.9574344532641	360.082135870646	-355.881703857085	-36.2917105804229	47	0	90
0	0	0	60.5795104645357	90	67.6284139890809	54.0695501272198	22.3715860109191	0	-1.27222187258541e-14	-55.9574344532641	360.082135870646	-355.881703857085	-36.2917105804229	47	0	90
0	0	0	60.5795104645357	90	67.6284139890809	54.0695501272198	22.3715860109191	0	-1.27222187258541e-14	-55.9574344532641	360.082135870646	-355.881703857085	-36.2917105804229	47	0	90
0	0	0	60.5795104645357	90	67.6284139890809	54.0695501272198	22.3715860109191	0	-1.27222187258541e-14	-55.9574344532641	360.082135870646	-355.881703857085	-36.2917105804229	47	0	90
0	0	0	60.5795104645357	90	67.6284139890809	54.0695501272198	22.3715860109191	0	-1.27222187258541e-14	-55.9574344532641	360.082135870646	-355.881703857085	-36.2917105804229	47	0	90
0	0	0	60.5795104645357	90	67.6284139890809	54.0695501272198	22.3715860109191	0	-1.27222187258541e-14	-55.9574344532641	360.082135870646	-355.881703857085	-36.2917105804229	47	0	90
0	0	0	60.5795104645357	90	67.6284139890809	54.0695501272198	22.3715860109191	0	-1.27222187258541e-14	-55.9574344532641	360.082135870646	-355.881703857085	-36.2917105804229	47	0	90
0	0	0	60.5795104645357	90	67.6284139890809	54.0695501272198	22.3715860109191	0	-1.27222187258541e-14	-55.9574344532641	360.082135870646	-355.881703857085	-36.2917105804229	47	0	90
0	0	0	60.5795104645357	90	67.6284139890809	54.0695501272198	22.3715860109191	0	-1.27222187258541e-14	-55.9574344532641	360.082135870646	-355.881703857085	-36.2917105804229	47	0	90
0	0	0	60.5795104645357	90	67.6284139890809	54.0695501272198	22.3715860109191	0	-1.27222187258541e-14	-55.9574344532641	360.082135870646	-355.881703857085	-36.2917105804229	47	0	90
0	0	0	60.5795104645357	90	67.6284139890809	54.0695501272198	22.3715860109191	0	-1.27222187258541e-14	-55.9574344532641	360.082135870646	-355.881703857085	-36.2917105804229	47	0	90
0	0	0	60.5795104645357	90	67.6284139890809	54.0695501272198	22.3715860109191	0	-1.27222187258541e-14	-55.9574344532641	360.082135870646	-355.881703857085	-36.2917105804229	47	0	90
0	0	0	60.5795104645357	90	67.6284139890809	54.0695501272198	22.3715860109191	0	-1.27222187258541e-14	-55.9574344532641	360.082135870646	-355.881703857085	-36.2917105804229	47	0	90
0	0	0	60.5795104645357	90	67.6284139890809	54.0695501272198	22.3715860109191	0	-1.27222187258541e-14	-55.9574344532641	360.082135870646	-355.881703857085	-36.2917105804229	47	0	90
0	0	0	60.5795104645357	90	67.6284139890809	54.0695501272198	22.3715860109191	0	-1.27222187258541e-14	-55.9574344532641	360.082135870646	-355.881703857085	-36.2917105804229	47	0	90
0	0	0	60.5795104645357	90	67.6284139890809	54.0695501272198	22.3715860109191	0	-1.27222187258541e-14	-55.9574344532641	360.082135870646	-355.881703857085	-36.2917105804229	47	0	90
0	0	0	60.5795104645357	90	67.6284139890809	54.0695501272198	22.3715860109191	0	-1.27222187258541e-14	-55.9574344532641	360.082135870646	-355.881703857085	-36.2917105804229	47	0	90
0	0	0	60.5795104645357	90	67.6284139890809	54.0695501272198	22.3715860109191	0	-1.27222187258541e-14	-55.9574344532641	360.082135870646	-355.881703857085	-36.2917105804229	47	0	90
0	0	0	60.5795104645357	90	67.6284139890809	54.0695501272198	22.3715860109191	0	-1.27222187258541e-14	-55.9574344532641	360.082135870646	-355.881703857085	-36.2917105804229	47	0	90
0	0	0	60.5795104645357	90	67.6284139890809	54.0695501272198	22.3715860109191	0	-1.27222187258541e-14	-55.9574344532641	360.082135870646	-355.881703857085	-36.2917105804229	47	0	90
0	0	0	60.5795104645357	90	67.6284139890809	54.0695501272198	22.3715860109191	0	-1.27222187258541e-14	-55.9574344532641	360.082135870646	-355.881703857085	-36.2917105804229	47	0	90
0	0	0	60.5795104645357	90	67.6284139890809	54.0695501272198	22.3715860109191	0	-1.27222187258541e-14	-55.9574344532641	360.082135870646	-355.881703857085	-36.2917105804229	47	0	90
0	0	0	60.5795104645357	90	67.6284139890809	54.0695501272198	22.3715860109191	0	-1.27222187258541e-14	-55.9574344532641	360.082135870646	-355.881703857085	-36.2917105804229	47	0	90
0	0	0	60.5795104645357	90	67.6284139890809	54.0695501272198	22.3715860109191	0	-1.27222187258541e-14	-55.9574344532641	360.082135870646	-355.881703857085	-36.2917105804229	47	0	90
0	0	0	60.5795104645357	90	67.6284139890809	54.0695501272198	22.3715860109191	0	-1.27222187258541e-14	-55.9574344532641	360.082135870646	-355.881703857085	-36.2917105804229	47	0	90
0	0	0	60.5795104645357	90	67.6284139890809	54.0695501272198	22.3715860109191	0	-1.27222187258541e-14	-55.9574344532641	360.082135870646	-355.881703857085	-36.2917105804229	47	0	90
0	0	0	60.5795104645357	90	67.6284139890809	54.0695501272198	22.3715860109191	0	-1.27222187258541e-14	-55.9574344532641	360.082135870646	-355.881703857085	-36.2917105804229	47	0	90
0	0	0	60.5795104645357	90	67.6284139890809	54.0695501272198	22.3715860109191	0	-1.27222187258541e-14	-55.9574344532641	360.082135870646	-355.881703857085	-36.2917105804229	47	0	90
0	0	0	60.5795104645357	90	67.6284139890809	54.0695501272198	22.3715860109191	0	-1.27222187258541e-14	-55.9574344532641	360.082135870646	-355.881703857085	-36.2917105804229	47	0	90
0	0	0	60.5795104645357	90	67.6284139890809	54.0695501272198	22.3715860109191	0	-1.27222187258541e-14	-55.9574344532641	360.082135870646	-355.881703857085	-36.2917105804229	47	0	90
0	0	0	60.5795104645357	90	67.6284139890809	54.0695501272198	22.3715860109191	0	-1.27222187258541e-14	-55.9574344532641	360.082135870646	-355.881703857085	-36.2917105804229	47	0	90
0	0	0	60.5795104645357	90	67.6284139890809	54.0695501272198	22.3715860109191	0	-1.27222187258541e-14	-55.9574344532641	360.082135870646	-355.881703857085	-36.2917105804229	47	0	90
0	0	0	60.5795104645357	90	67.6284139890809	54.0695501272198	22.3715860109191	0	-1.27222187258541e-14	-55.9574344532641	360.082135870646	-355.881703857085	-36.2917105804229	47	0	90
0	0	0	60.5795104645357	90	67.6284139890809	54.0695501272198	22.3715860109191	0	-1.27222187258541e-14	-55.9574344532641	360.082135870646	-355.881703857085	-36.2917105804229	47	0	90
0	0	0	60.5795104645357	90	67.6284139890809	54.0695501272198	22.3715860109191	0	-1.27222187258541e-14	-55.9574344532641	360.082135870646	-355.881703857085	-36.2917105804229	47	0	90
0	0	0	60.5795104645357	90	67.6284139890809	54.0695501272198	22.3715860109191	0	-1.27222187258541e-14	-55.9574344532641	360.082135870646	-355.881703857085	-36.2917105804229	47	0	90
0	0	0	60.5795104645357	90	67.6284139890809	54.0695501272198	22.3715860109191	0	-1.27222187258541e-14	-55.9574344532641	360.082135870646	-355.881703857085	-36.2917105804229	47	0	90
