ship_roll	ship_pitch	ship_yaw	d1	theta2	theta3	d4	theta5	theta6	theta7	catcher	x	y	z	drone_roll	drone_pitch	drone_yaw
0	0	0	50.5	107.135211024346	92.8647889756541	50.5	-2.86478897565412	0	-107.135211024346	0	435	-1000	55	0	5	0
0	0	0	50.5	107.135211024346	92.8647889756541	50.5	-2.86478897565412	0	-107.135211024346	0	435	-1000	55	0	5	0
0	0	0	50.5	107.135211024346	92.8647889756541	50.5	-2.86478897565412	0	-107.135211024346	0	435	-1000	55	0	5	0
0	0	0	50.5	107.135211024346	92.8647889756541	50.5	-2.86478897565412	0	-107.135211024346	0	435	-1000	55	0	5	0
0	0	0	50.5	107.135211024346	92.8647889756541	50.5	-2.86478897565412	0	-107.135211024346	0	435	-1000	55	0	5	0
0	0	0	50.5	107.135211024346	92.8647889756541	50.5	-2.86478897565412	0	-107.135211024346	0	435	-1000	55	0	5	0
0	0	0	50.5	107.135211024346	92.8647889756541	50.5	-2.86478897565412	0	-107.135211024346	0	435	-1000	55	0	5	0
0	0	0	50.5	107.135211024346	92.8647889756541	50.5	-2.86478897565412	0	-107.135211024346	0	435	-1000	55	0	5	0
0	0	0	50.5	107.135211024346	92.8647889756541	50.5	-2.86478897565412	0	-107.135211024346	0	435	-1000	55	0	5	0
0	0	0	50.5	107.135211024346	92.8647889756541	50.5	-2.86478897565412	0	-107.135211024346	0	435	-1000	55	0	5	0
0	0	0	50.5	107.135211024346	92.8647889756541	50.5	-2.86478897565412	0	-107.135211024346	0	435	-1000	55	0	5	0
0	0	0	50.5	107.135211024346	92.8647889756541	50.5	-2.86478897565412	0	-107.135211024346	0	435	-1000	55	0	5	0
0	0	0	50.5	107.135211024346	92.8647889756541	50.5	-2.86478897565412	0	-107.135211024346	0	435	-1000	55	0	5	0
0	0	0	50.5	107.135211024346	92.8647889756541	50.5	-2.86478897565412	0	-107.135211024346	0	435	-1000	55	0	5	0
0	0	0	50.5	107.135211024346	92.8647889756541	50.5	-2.86478897565412	0	-107.135211024346	0	435	-1000	55	0	5	0
0	0	0	50.5	107.135211024346	92.8647889756541	50.5	-2.86478897565412	0	-107.135211024346	0	435	-1000	55	0	5	0
0	0	0	50.5	107.135211024346	92.8647889756541	50.5	-2.86478897565412	0	-107.135211024346	0	435	-1000	55	0	5	0
0	0	0	50.5	107.135211024346	92.8647889756541	50.5	-2.86478897565412	0	-107.135211024346	0	435	-1000	55	0	5	0
0	0	0	50.5	107.135211024346	92.8647889756541	50.5	-2.86478897565412	0	-107.135211024346	0	435	-1000	55	0	5	0
0	0	0	50.5	107.135211024346	92.8647889756541	50.5	-2.86478897565412	0	-107.135211024346	0	435	-1000	55	0	5	0
0	0	0	50.5	107.135211024346	92.8647889756541	50.5	-2.86478897565412	0	-107.135211024346	0	435	-1000	55	0	5	0
0	0	0	50.5	107.135211024346	92.8647889756541	50.5	-2.86478897565412	0	-107.135211024346	0	435	-1000	55	0	5	0
0	0	0	50.5	107.135211024346	92.8647889756541	50.5	-2.86478897565412	0	-107.135211024346	0	435	-1000	55	0	5	0
0	0	0	50.5	107.135211024346	92.8647889756541	50.5	-2.86478897565412	0	-107.135211024346	0	435	-1000	55	0	5	0
0	0	0	50.5	107.135211024346	92.8647889756541	50.5	-2.86478897565412	0	-107.135211024346	0	435	-1000	55	0	5	0
0	0	0	50.5	107.135211024346	92.8647889756541	50.5	-2.86478897565412	0	-107.135211024346	0	435	-1000	55	0	5	0
0	0	0	50.5	107.135211024346	92.8647889756541	50.5	-2.86478897565412	0	-107.135211024346	0	435	-1000	55	0	5	0
0	0	0	50.5	107.135211024346	92.8647889756541	50.5	-2.86478897565412	0	-107.135211024346	0	435	-1000	55	0	5	0
0	0	0	50.5	107.135211024346	92.8647889756541	50.5	-2.86478897565412	0	-107.135211024346	0	435	-1000	55	0	5	0
0	0	0	50.5	107.135211024346	92.8647889756541	50.5	-2.86478897565412	0	-107.135211024346	0	435	-1000	55	0	5	0
0	0	0	50.5	107.135211024346	92.8647889756541	50.5	-2.86478897565412	0	-107.135211024346	0	435	-1000	55	0	5	0
0	0	0	50.5	107.135211024346	92.8647889756541	50.5	-2.86478897565412	0	-107.135211024346	0	435	-1000	55	0	5	0
0	0	0	50.5	107.135211024346	92.8647889756541	50.5	-2.86478897565412	0	-107.135211024346	0	435	-1000	55	0	5	0
0	0	0	50.5	107.135211024346	92.8647889756541	50.5	-2.86478897565412	0	-107.135211024346	0	435	-1000	55	0	5	0
0	0	0	50.5	107.135211024346	92.8647889756541	50.5	-2.86478897565412	0	-107.135211024346	0	435	-1000	55	0	5	0
0	0	0	50.5	107.135211024346	92.8647889756541	50.5	-2.86478897565412	0	-107.135211024346	0	435	-1000	55	0	5	0
0	0	0	50.8900119409966	104.270422048692	95.7295779513082	50.8231431774461	-5.72957795130823	0	-104.270422048692	0	435	-995.02481404895	54.502481404895	0	5	0
0	0	0	51.0306908681729	101.405633073038	98.5943669269624	50.7981151845448	-8.59436692696235	0	-101.405633073038	0	435	-990.0496280979	54.00496280979	0	5	0
0	0	0	51.0620994441047	98.5408440973835	100.135031354994	50.7925788511183	-10.1350313549939	0	-98.5408440973835	0	435	-985.07444214685	53.507444214685	0	5	0
0	0	0	51.0639782182253	95.6760551217294	100.132945089833	50.7922482794801	-10.1329450898331	0	-95.6760551217294	0	435	-980.0992561958	53.00992561958	0	5	0
0	0	0	51.0643457517799	92.8112661460753	100.132536962848	50.7921836195663	-10.1325369628484	0	-92.8112661460753	0	435	-975.12407024475	52.512407024475	0	5	0
0	0	0	51.0643679071513	90	100.132512360422	50.7921797218701	-10.1325123604223	0	-90	0	435	-970.1488842937	52.01488842937	0	5	0
0	0	0	51.4895998219247	87.1352110243459	102.997301336076	50.2921797218701	-12.9973013360764	0	-87.1352110243459	0	435	-965.17369834265	51.5173698342651	0	5	0
0	0	0	51.2150800602913	84.2704220486918	105.862090311731	49.7921797218701	-15.8620903117305	0	-84.2704220486918	0	435	-960.1985123916	51.0198512391601	0	5	0
0	0	0	50.7150800602913	81.4056330730377	108.59990005083	49.2921797218701	-18.5999000508296	0	-81.4056330730377	0	435	-955.22332644055	50.5223326440551	0	5	0
0	0	0	50.2150800602913	78.5408440973835	109.455710368157	48.7921797218701	-19.4557103681573	0	-78.5408440973835	0	435	-950.2481404895	50.0248140489501	0	5	0
0	0	0	49.7150800602913	75.6760551217294	109.970622355498	48.2921797218701	-19.9706223554982	0	-75.6760551217294	0	435	-945.27295453845	49.5272954538451	0	5	0
0	0	0	49.2150800602913	72.8112661460753	110.407683401646	47.7921797218701	-20.4076834016462	0	-72.8112661460753	0	435	-940.2977685874	49.0297768587401	0	5	0
0	0	0	48.7150800602913	69.9464771704212	110.80746008607	47.2921797218701	-20.8074600860703	0	-69.9464771704212	0	435	-935.32258263635	48.5322582636351	0	5	0
0	0	0	48.3343994013331	67.0816881947671	111.179722681055	46.7921797218701	-21.1797226810549	0	-67.0816881947671	0	435	-930.3473966853	48.0347396685301	0	5	0
0	0	0	48.135005090653	64.2168992191129	111.410302961561	46.2921797218701	-21.4103029615612	0	-64.2168992191129	0	435	-925.37221073425	47.5372210734251	0	5	0
0	0	0	48.1091331875463	61.3521102434588	111.440168238182	46.2093213721653	-21.4401682381822	0	-61.3521102434588	0	435	-920.3970247832	47.0397024783201	0	5	0
0	0	0	48.1100367035993	58.4873212678047	111.439125468748	46.2089911181121	-21.4391254687479	0	-58.4873212678047	0	435	-915.42183883215	46.5421838832151	0	5	0
0	0	0	48.1101423672092	55.6225322921506	111.439003518881	46.2089524968479	-21.4390035188812	0	-55.6225322921506	0	435	-910.4466528811	46.0446652881101	0	5	0
0	0	0	48.1723710744028	52.7577433164965	111.367147918276	46.1862435716263	-21.3671479182758	0	-52.7577433164965	0	435	-905.47146693005	45.5471466930051	0	5	0
0	0	0	48.2065107441384	49.8929543408424	111.327696789194	46.1738159716818	-21.3276967891938	0	-49.8929543408424	0	435	-900.496280979	45.0496280979002	0	5	0
0	0	0	48.2232043734557	47.0281653651882	111.308398232919	46.1677470913931	-21.3083982329194	0	-47.0281653651882	0	435	-895.52109502795	44.5521095027952	0	5	0
0	0	0	48.2301249841551	44.1633763895341	111.300396220762	46.1652326761932	-21.3003962207621	0	-44.1633763895341	0	435	-890.5459090769	44.0545909076902	0	5	0
0	0	0	48.2323392878203	41.29858741388	111.297835730169	46.1644283594931	-21.2978357301686	0	-41.29858741388	0	435	-885.57072312585	43.5570723125852	0	5	0
0	0	0	48.2327822133326	38.4337984382259	111.297323546435	46.1642674836884	-21.2973235464347	0	-38.4337984382259	0	435	-880.5955371748	43.0595537174802	0	5	0
0	0	0	48.2328105931295	35.5690094625718	111.297290728898	46.164257175935	-21.2972907288981	0	-35.5690094625718	0	435	-875.620351223751	42.5620351223752	0	5	0
0	0	0	48.7328105931295	32.7042204869176	111.84137488716	46.664257175935	-21.8413748871601	0	-32.7042204869176	0	435	-870.645165272701	42.0645165272702	0	5	0
0	0	0	49.2328105931295	29.8394315112635	111.890653997441	47.164257175935	-21.8906539974411	0	-29.8394315112635	0	435	-865.669979321651	41.5669979321652	0	5	0
0	0	0	49.7328105931295	26.9746425356094	111.897921486026	47.664257175935	-21.8979214860256	0	-26.9746425356094	0	435	-860.694793370601	41.0694793370602	0	5	0
0	0	0	50.2328105931295	24.1098535599553	111.863805065643	48.164257175935	-21.8638050656428	0	-24.1098535599553	0	435	-855.719607419551	40.5719607419552	0	5	0
0	0	0	50.7328105931295	21.2450645843012	111.790474417574	48.664257175935	-21.7904744175738	0	-21.2450645843012	0	435	-850.744421468501	40.0744421468502	0	5	0
0	0	0	51.2328105931295	18.3802756086471	111.681440687496	49.164257175935	-21.6814406874959	0	-18.3802756086471	0	435	-845.769235517451	39.5769235517452	0	5	0
0	0	0	51.7328105931295	15.5154866329929	111.5409962284	49.664257175935	-21.5409962284002	0	-15.5154866329929	0	435	-840.794049566401	39.0794049566402	0	5	0
0	0	0	52.2328105931295	12.6506976573388	111.373776288235	50.164257175935	-21.3737762882347	0	-12.6506976573388	0	435	-835.818863615351	38.5818863615353	0	5	0
0	0	0	52.7328105931295	9.78590868168471	111.184417542385	50.664257175935	-21.1844175423851	0	-9.78590868168471	0	435	-830.843677664301	38.0843677664303	0	5	0
0	0	0	53.2328105931295	6.92111970603059	110.977298030553	51.164257175935	-20.977298030553	0	-6.92111970603059	0	435	-825.868491713251	37.5868491713253	0	5	0
0	0	0	53.7328105931295	4.05633073037648	110.756344928204	51.664257175935	-20.7563449282035	0	-4.05633073037648	0	435	-820.893305762201	37.0893305762203	0	5	0
0	0	0	54.2328105931295	1.19154175472236	110.524898177177	52.164257175935	-20.5248981771769	0	-1.19154175472236	0	435	-815.918119811151	36.5918119811153	0	5	0
0	0	0	54.7328105931295	-1.67324722093175	110.285619039434	52.664257175935	-20.2856190394344	0	1.67324722093175	0	435	-810.942933860101	36.0942933860103	0	5	0
0	0	0	55.2328105931295	-4.53803619658587	110.040433528023	53.164257175935	-20.0404335280226	0	4.53803619658587	0	435	-805.967747909051	35.5967747909053	0	5	0
0	0	0	55.7328105931295	-5.1944289077348	109.790501735519	53.664257175935	-19.7905017355187	0	5.1944289077348	0	435	-800.992561958001	35.0992561958003	0	5	0
0	0	0	56.2328105931295	-5.1944289077348	109.536087823192	54.164257175935	-19.5360878231924	0	5.1944289077348	0	435	-796.017376006951	34.6017376006953	0	5	0
0	0	0	56.7328105931295	-5.1944289077348	109.276798770147	54.664257175935	-19.2767987701467	0	5.1944289077348	0	435	-791.042190055901	34.1042190055903	0	5	0
0	0	0	57.2328105931295	-5.1944289077348	109.012472338957	55.164257175935	-19.0124723389574	0	5.1944289077348	0	435	-786.067004104851	33.6067004104853	0	5	0
0	0	0	57.7328105931295	-5.1944289077348	108.742931899998	55.664257175935	-18.7429318999978	0	5.1944289077348	0	435	-781.091818153801	33.1091818153803	0	5	0
0	0	0	58.2328105931295	-5.1944289077348	108.467992739962	56.164257175935	-18.4679927399621	0	5.1944289077348	0	435	-776.116632202751	32.6116632202753	0	5	0
0	0	0	58.7328105931295	-5.1944289077348	108.18746113745	56.664257175935	-18.1874611374498	0	5.1944289077348	0	435	-771.141446251701	32.1141446251704	0	5	0
0	0	0	59.16102103712	-5.1944289077348	107.901133871247	57.164257175935	-17.9011338712474	0	5.1944289077348	0	435	-766.166260300651	31.6166260300654	0	5	0
0	0	0	59.4060372078065	-5.1944289077348	107.67065704742	57.664257175935	-17.6706570474205	0	5.1944289077348	0	435	-761.191074349601	31.1191074349604	0	5	0
0	0	0	59.4886748742169	-5.1944289077348	107.592789314246	57.9365731439208	-17.5927893142462	0	5.1944289077348	0	435	-756.215888398551	30.6215888398554	0	5	0
0	0	0	59.4886748742169	-5.1944289077348	107.592789314246	57.9365731439208	-17.5927893142462	0	5.1944289077348	0	435	-751.240702447501	30.1240702447504	0	5	0
0	0	0	59.4886748742169	-5.1944289077348	107.592789314246	57.9365731439208	-17.5927893142462	0	5.1944289077348	0	435	-746.265516496451	29.6265516496454	0	5	0
0	0	0	59.4886748742169	-5.1944289077348	107.592789314246	57.9365731439208	-17.5927893142462	0	5.1944289077348	0	435	-741.290330545401	29.1290330545404	0	5	0
0	0	0	59.4886748742169	-5.1944289077348	107.592789314246	57.9365731439208	-17.5927893142462	0	5.1944289077348	0	435	-736.315144594351	28.6315144594354	0	5	0
0	0	0	59.4886748742169	-5.1944289077348	107.592789314246	57.9365731439208	-17.5927893142462	0	5.1944289077348	0	435	-731.339958643301	28.1339958643304	0	5	0
0	0	0	59.4886748742169	-5.1944289077348	107.592789314246	57.9365731439208	-17.5927893142462	0	5.1944289077348	0	435	-726.364772692251	27.6364772692254	0	5	0
0	0	0	59.4886748742169	-5.1944289077348	107.592789314246	57.9365731439208	-17.5927893142462	0	5.1944289077348	0	435	-721.389586741201	27.1389586741204	0	5	0
0	0	0	59.4886748742169	-5.1944289077348	107.592789314246	57.9365731439208	-17.5927893142462	0	5.1944289077348	0	435	-716.414400790151	26.6414400790154	0	5	0
0	0	0	59.4886748742169	-5.1944289077348	107.592789314246	57.9365731439208	-17.5927893142462	0	5.1944289077348	0	435	-711.439214839101	26.1439214839104	0	5	0
0	0	0	59.4886748742169	-5.1944289077348	107.592789314246	57.9365731439208	-17.5927893142462	0	5.1944289077348	0	435	-706.464028888051	25.6464028888054	0	5	0
0	0	0	59.4886748742169	-5.1944289077348	107.592789314246	57.9365731439208	-17.5927893142462	0	5.1944289077348	0	435	-701.488842937001	25.1488842937004	0	5	0
0	0	0	59.4886748742169	-5.1944289077348	107.592789314246	57.9365731439208	-17.5927893142462	0	5.1944289077348	0	435	-696.513656985951	24.6513656985954	0	5	0
0	0	0	59.4886748742169	-5.1944289077348	107.592789314246	57.9365731439208	-17.5927893142462	0	5.1944289077348	0	435	-691.538471034901	24.1538471034904	0	5	0
0	0	0	59.4886748742169	-5.1944289077348	107.592789314246	57.9365731439208	-17.5927893142462	0	5.1944289077348	0	435	-686.563285083851	23.6563285083854	0	5	0
0	0	0	59.4886748742169	-5.1944289077348	107.592789314246	57.9365731439208	-17.5927893142462	0	5.1944289077348	0	435	-681.588099132801	23.1588099132804	0	5	0
0	0	0	59.4886748742169	-5.1944289077348	107.592789314246	57.9365731439208	-17.5927893142462	0	5.1944289077348	0	435	-676.612913181751	22.6612913181754	0	5	0
0	0	0	59.4886748742169	-5.1944289077348	107.592789314246	57.9365731439208	-17.5927893142462	0	5.1944289077348	0	435	-671.637727230701	22.1637727230704	0	5	0
0	0	0	59.4886748742169	-5.1944289077348	107.592789314246	57.9365731439208	-17.5927893142462	0	5.1944289077348	0	435	-666.662541279651	21.6662541279654	0	5	0
0	0	0	59.4886748742169	-5.1944289077348	107.592789314246	57.9365731439208	-17.5927893142462	0	5.1944289077348	0	435	-661.687355328601	21.1687355328604	0	5	0
0	0	0	59.4886748742169	-5.1944289077348	107.592789314246	57.9365731439208	-17.5927893142462	0	5.1944289077348	0	435	-656.712169377551	20.6712169377554	0	5	0
0	0	0	59.4886748742169	-5.1944289077348	107.592789314246	57.9365731439208	-17.5927893142462	0	5.1944289077348	0	435	-651.736983426501	20.1736983426505	0	5	0
0	0	0	59.4886748742169	-5.1944289077348	107.592789314246	57.9365731439208	-17.5927893142462	0	5.1944289077348	0	435	-646.761797475451	19.6761797475455	0	5	0
0	0	0	59.4886748742169	-5.1944289077348	107.592789314246	57.9365731439208	-17.5927893142462	0	5.1944289077348	0	435	-641.786611524401	19.1786611524405	0	5	0
0	0	0	59.4886748742169	-5.1944289077348	107.592789314246	57.9365731439208	-17.5927893142462	0	5.1944289077348	0	435	-636.811425573351	18.6811425573355	0	5	0
0	0	0	59.4886748742169	-5.1944289077348	107.592789314246	57.9365731439208	-17.5927893142462	0	5.1944289077348	0	435	-631.836239622301	18.1836239622305	0	5	0
0	0	0	59.4886748742169	-5.1944289077348	107.592789314246	57.9365731439208	-17.5927893142462	0	5.1944289077348	0	435	-626.861053671252	17.6861053671255	0	5	0
0	0	0	59.4886748742169	-5.1944289077348	107.592789314246	57.9365731439208	-17.5927893142462	0	5.1944289077348	0	435	-621.885867720202	17.1885867720205	0	5	0
0	0	0	59.4886748742169	-5.1944289077348	107.592789314246	57.9365731439208	-17.5927893142462	0	5.1944289077348	0	435	-616.910681769152	16.6910681769155	0	5	0
0	0	0	59.4886748742169	-5.1944289077348	107.592789314246	57.9365731439208	-17.5927893142462	0	5.1944289077348	0	435	-611.935495818102	16.1935495818105	0	5	0
0	0	0	59.4886748742169	-5.1944289077348	107.592789314246	57.9365731439208	-17.5927893142462	0	5.1944289077348	0	435	-606.960309867052	15.6960309867055	0	5	0
0	0	0	59.4886748742169	-5.1944289077348	107.592789314246	57.9365731439208	-17.5927893142462	0	5.1944289077348	0	435	-601.985123916002	15.1985123916005	0	5	0
0	0	0	59.4886748742169	-5.1944289077348	107.592789314246	57.9365731439208	-17.5927893142462	0	5.1944289077348	0	435	-597.009937964952	14.7009937964955	0	5	0
0	0	0	59.4886748742169	-5.1944289077348	107.592789314246	57.9365731439208	-17.5927893142462	0	5.1944289077348	0	435	-592.034752013902	14.2034752013905	0	5	0
0	0	0	59.4886748742169	-5.1944289077348	107.592789314246	57.9365731439208	-17.5927893142462	0	5.1944289077348	0	435	-587.059566062852	13.7059566062855	0	5	0
0	0	0	59.4886748742169	-5.1944289077348	107.592789314246	57.9365731439208	-17.5927893142462	0	5.1944289077348	0	435	-582.084380111802	13.2084380111805	0	5	0
0	0	0	59.4886748742169	-5.1944289077348	107.592789314246	57.9365731439208	-17.5927893142462	0	5.1944289077348	0	435	-577.109194160752	12.7109194160755	0	5	0
0	0	0	59.4886748742169	-5.1944289077348	107.592789314246	57.9365731439208	-17.5927893142462	0	5.1944289077348	0	435	-572.134008209702	12.2134008209705	0	5	0
0	0	0	59.4886748742169	-5.1944289077348	107.592789314246	57.9365731439208	-17.5927893142462	0	5.1944289077348	0	435	-567.158822258652	11.7158822258655	0	5	0
0	0	0	59.4886748742169	-5.1944289077348	107.592789314246	57.9365731439208	-17.5927893142462	0	5.1944289077348	0	435	-562.183636307602	11.2183636307605	0	5	0
0	0	0	59.4886748742169	-5.1944289077348	107.592789314246	57.9365731439208	-17.5927893142462	0	5.1944289077348	0	435	-557.208450356552	10.7208450356556	0	5	0
0	0	0	59.4886748742169	-5.1944289077348	107.592789314246	57.9365731439208	-17.5927893142462	0	5.1944289077348	0	435	-552.233264405502	10.2233264405506	0	5	0
0	0	0	59.4886748742169	-5.1944289077348	107.592789314246	57.9365731439208	-17.5927893142462	0	5.1944289077348	0	435	-547.258078454452	9.72580784544556	0	5	0
0	0	0	59.4886748742169	-5.1944289077348	107.592789314246	57.9365731439208	-17.5927893142462	0	5.1944289077348	0	435	-542.282892503402	9.22828925034057	0	5	0
0	0	0	59.4886748742169	-5.1944289077348	107.592789314246	57.9365731439208	-17.5927893142462	0	5.1944289077348	0	435	-537.307706552352	8.73077065523558	0	5	0
0	0	0	59.4886748742169	-5.1944289077348	107.592789314246	57.9365731439208	-17.5927893142462	0	5.1944289077348	0	435	-532.332520601302	8.23325206013058	0	5	0
0	0	0	59.4886748742169	-5.1944289077348	107.592789314246	57.9365731439208	-17.5927893142462	0	5.1944289077348	0	435	-527.357334650252	7.73573346502559	0	5	0
0	0	0	59.4886748742169	-5.1944289077348	107.592789314246	57.9365731439208	-17.5927893142462	0	5.1944289077348	0	435	-522.382148699202	7.23821486992059	0	5	0
0	0	0	59.4886748742169	-5.1944289077348	107.592789314246	57.9365731439208	-17.5927893142462	0	5.1944289077348	0	435	-517.406962748152	6.7406962748156	0	5	0
0	0	0	59.4886748742169	-5.1944289077348	107.592789314246	57.9365731439208	-17.5927893142462	0	5.1944289077348	0	435	-512.431776797102	6.2431776797106	0	5	0
0	0	0	59.4886748742169	-5.1944289077348	107.592789314246	57.9365731439208	-17.5927893142462	0	5.1944289077348	0	435	-507.456590846052	5.74565908460561	0	5	0
0	0	0	59.4886748742169	-5.1944289077348	107.592789314246	57.9365731439208	-17.5927893142462	0	5.1944289077348	0	435	-502.481404895002	5.24814048950061	0	5	0
0	0	0	59.4886748742169	-5.1944289077348	107.592789314246	57.9365731439208	-17.5927893142462	0	5.1944289077348	0	435	-497.506218943952	4.75062189439562	0	5	0
0	0	0	59.4886748742169	-5.1944289077348	107.592789314246	57.9365731439208	-17.5927893142462	0	5.1944289077348	-0	435	-497.506218943952	4.75062189439562	0	5	0
0	0	0	59.4886748742169	-5.1944289077348	107.592789314246	57.9365731439208	-17.5927893142462	0	5.1944289077348	-2.46610645187258	435	-495.04011249208	4.5016477316066	0	5	0
0	0	0	59.4886748742169	-5.1944289077348	107.592789314246	57.9365731439208	-17.5927893142462	0	5.1944289077348	-4.88923985644044	435	-492.616979087512	4.25224383834453	0	5	0
0	0	0	59.4886748742169	-5.1944289077348	107.592789314246	57.9365731439208	-17.5927893142462	0	5.1944289077348	-7.26940021370359	435	-490.236818730249	4.00241021460941	0	5	0
0	0	0	59.4886748742169	-5.1944289077348	107.592789314246	57.9365731439208	-17.5927893142462	0	5.1944289077348	-9.60658752366203	435	-487.89963142029	3.75214686040125	0	5	0
0	0	0	59.4886748742169	-5.1944289077348	107.592789314246	57.9365731439208	-17.5927893142462	0	5.1944289077348	-11.9008017863157	435	-485.605417157637	3.50145377572004	0	5	0
0	0	0	59.4886748742169	-5.1944289077348	107.592789314246	57.9365731439208	-17.5927893142462	0	5.1944289077348	-14.1520430016647	435	-483.354175942288	3.25033096056578	0	5	0
0	0	0	59.4886748742169	-5.1944289077348	107.592789314246	57.9365731439208	-17.5927893142462	0	5.1944289077348	-16.3603111697089	435	-481.145907774243	2.99877841493848	0	5	0
0	0	0	59.4886748742169	-5.1944289077348	107.592789314246	57.9365731439208	-17.5927893142462	0	5.1944289077348	-18.5256062904484	435	-478.980612653504	2.74679613883812	0	5	0
0	0	0	59.4886748742169	-5.1944289077348	107.592789314246	57.9365731439208	-17.5927893142462	0	5.1944289077348	-20.6479283638831	435	-476.858290580069	2.49438413226473	0	5	0
0	0	0	59.4886748742169	-5.1944289077348	107.592789314246	57.9365731439208	-17.5927893142462	0	5.1944289077348	-22.7272773900132	435	-474.778941553939	2.24154239521828	0	5	0
0	0	0	59.4886748742169	-5.1944289077348	107.592789314246	57.9365731439208	-17.5927893142462	0	5.1944289077348	-24.7636533688384	435	-472.742565575114	1.98827092769878	0	5	0
0	0	0	59.4886748742169	-5.1944289077348	107.592789314246	57.9365731439208	-17.5927893142462	0	5.1944289077348	-26.757056300359	435	-470.749162643593	1.73456972970624	0	5	0
0	0	0	59.4886748742169	-5.1944289077348	107.592789314246	57.9365731439208	-17.5927893142462	0	5.1944289077348	-28.7074861845749	435	-468.798732759377	1.48043880124065	0	5	0
0	0	0	59.4886748742169	-5.1944289077348	107.592789314246	57.9365731439208	-17.5927893142462	0	5.1944289077348	-30.614943021486	435	-466.891275922466	1.22587814230202	0	5	0
0	0	0	59.4886748742169	-5.1944289077348	107.592789314246	57.9365731439208	-17.5927893142462	0	5.1944289077348	-32.4794268110924	435	-465.02679213286	0.970887752890335	0	5	0
0	0	0	59.4886748742169	-5.1944289077348	107.592789314246	57.9365731439208	-17.5927893142462	0	5.1944289077348	-34.300937553394	435	-462.705281390558	0.965467633005605	0	8	0
0	0	0	59.4886748742169	-5.1944289077348	107.592789314246	57.9365731439208	-17.5927893142462	0	5.1944289077348	-36.579475248391	435	-460.426743695561	1.2154676330056	0	11	0
0	0	0	59.4886748742169	-5.1944289077348	107.592789314246	57.9365731439208	-17.5927893142462	0	5.1944289077348	-38.8150398960831	435	-458.191179047869	1.4654676330056	0	14	0
0	0	0	59.4886748742169	-5.1944289077348	107.592789314246	57.9365731439208	-17.5927893142462	0	5.1944289077348	-41.0076314964706	435	-455.998587447482	1.7154676330056	0	17	0
0	0	0	59.4886748742169	-5.1944289077348	107.592789314246	57.9365731439208	-17.5927893142462	0	5.1944289077348	-43.1572500495533	435	-453.848968894399	1.9654676330056	0	20	0
0	0	0	59.4886748742169	-5.1944289077348	107.592789314246	57.9365731439208	-17.5927893142462	0	5.1944289077348	-45.2638955553313	435	-451.742323388621	2.2154676330056	0	23	0
0	0	0	59.4886748742169	-5.1944289077348	107.592789314246	57.9365731439208	-17.5927893142462	0	5.1944289077348	-47.3275680138046	435	-449.678650930148	2.4654676330056	0	26	0
0	0	0	59.4886748742169	-5.1944289077348	107.592789314246	57.9365731439208	-17.5927893142462	0	5.1944289077348	-49.3482674249731	435	-447.657951518979	2.7154676330056	0	29	0
0	0	0	59.4886748742169	-5.1944289077348	107.592789314246	57.9365731439208	-17.5927893142462	0	5.1944289077348	-51.325993788837	435	-445.680225155115	2.9654676330056	0	32	0
0	0	0	59.4886748742169	-5.1944289077348	107.592789314246	57.9365731439208	-17.5927893142462	0	5.1944289077348	-53.260747105396	435	-443.745471838556	3.2154676330056	0	35	0
0	0	0	59.4886748742169	-5.1944289077348	107.592789314246	57.9365731439208	-17.5927893142462	0	5.1944289077348	-55.1525273746504	435	-441.853691569302	3.4654676330056	0	38	0
0	0	0	59.4886748742169	-5.1944289077348	107.592789314246	57.9365731439208	-17.5927893142462	0	5.1944289077348	-57.0013345966	435	-440.004884347352	3.7154676330056	0	41	0
0	0	0	59.4886748742169	-5.1944289077348	107.592789314246	57.9365731439208	-17.5927893142462	0	5.1944289077348	-58.8071687712449	435	-438.199050172707	3.9654676330056	0	44	0
0	0	0	59.4886748742169	-5.1944289077348	107.592789314246	57.9365731439208	-17.5927893142462	0	5.1944289077348	-60.5700298985851	435	-436.436189045367	4.2154676330056	0	47	0
0	0	0	59.9886748742169	-2.32963993208069	104.728000338592	57.4365731439208	-14.7280003385921	0	2.32963993208069	-60.5700298985851	435.56910995847	-432.696458506784	1.80627788870197	0	47	0
0	0	0	60.4886748742169	0.535149043573429	101.863211362938	56.9365731439208	-11.863211362938	0	0	-60.5700298985851	435.7993083836	-428.91824662665	-0.591072554404789	0.279466722755013	46.720533277245	0.535149043573429
0	0	0	60.9886748742169	3.39993801922755	98.9984223872839	56.4365731439208	-8.9984223872839	0	0	-60.5700298985851	435.690810145361	-425.133573259226	-2.96876719075506	1.77552318781883	45.2244768121812	3.39993801922755
0	0	0	61.4886748742169	6.26472699488166	96.1336334116298	55.9627675466003	-6.13363341162978	0	0	-60.5700298985851	435.272826632611	-421.371195250743	-5.31636208497311	3.27157965288264	43.7284203471173	6.26472699488166
0	0	0	61.9886748742169	9.12951597053578	93.2688444359757	55.9516284863134	-3.26884443597566	0	0	-60.5700298985851	434.981742612535	-417.588923077711	-7.60543112598768	4.76763611794646	42.2323638820535	9.12951597053578
0	0	0	62.4886748742169	11.9943049461899	92.102333536324	55.9393521858692	-2.102333536324	0	0	-60.5700298985851	434.32676927645	-413.852003107093	-8.24375540596253	6.26369258301028	40.7363074169897	11.9943049461899
0	0	0	62.9886748742169	14.859093921844	91.8300940633022	55.9302280881135	-1.83009406330221	0	0	-60.5700298985851	433.445637839656	-410.161030738104	-8.00968449208418	7.75974904807409	39.2402509519259	14.859093921844
0	0	0	63.4584808336842	17.7238828974981	91.5795613773782	55.922949505012	-1.57956137737818	0	0	-60.5700298985851	432.381135854912	-406.518709340695	-7.7845323669944	9.25580551313791	37.7441944868621	17.7238828974981
0	0	0	63.7317427705073	20.5886718731522	91.2996621540756	55.9160842370079	-1.29966215407561	0	0	-60.5700298985851	431.135924022799	-402.934142821475	-7.7845323669944	10.7518619782017	36.2481380217983	20.5886718731522
0	0	0	63.9088618212216	23.4534608488064	91.1182070580939	55.9123473172535	-1.11820705809388	0	0	-60.5700298985851	429.713114724403	-399.416290729936	-7.7845323669944	12.2479184432655	34.7520815567344	23.4534608488064
0	0	0	64.0264226119358	26.3182498244605	90.9977556525951	55.910176649073	-0.997755652595107	0	0	-60.5700298985851	428.116264241986	-395.973945864245	-7.7845323669944	13.7439749083294	33.2560250916706	26.3182498244605
0	0	0	64.1055130807323	29.1830388001146	90.9167154584915	55.9088553526965	-0.916715458491544	0	0	-60.5700298985851	426.349363870129	-392.615712293828	-7.7845323669944	15.2400313733932	31.7599686266068	29.1830388001146
0	0	0	64.1589070692195	32.0478277757687	90.8620031160619	55.9080265911632	-0.862003116061917	0	0	-60.5700298985851	424.416829939579	-389.349983853676	-7.7845323669944	16.736087838457	30.263912161543	32.0478277757687
0	0	0	64.1947192238591	34.9126167514228	90.8253058344995	55.9074992923885	-0.825305834499533	0	0	-60.5700298985851	422.323492778717	-386.184923164131	-7.7845323669944	18.2321443035208	28.7678556964792	34.9126167514228
0	0	0	64.2183379895625	37.7774057270769	90.8011029390815	55.9071640802729	-0.801102939081525	0	0	-60.5700298985851	420.074584640258	-383.128441228585	-7.7845323669944	19.7282007685846	27.2717992314154	37.7774057270769
0	0	0	64.233483786669	40.6421947027311	90.7855824112721	55.9069543715744	-0.785582411272056	0	0	-60.5700298985851	417.675726623337	-380.188177660093	-7.7845323669944	21.2242572336484	25.7757427663516	40.6421947027311
0	0	0	64.2428049060601	43.5069836783852	90.7760306153544	55.9068273506044	-0.776030615354424	0	0	-60.5700298985851	415.132914623697	-377.371481586316	-7.7845323669944	22.7203136987123	24.2796863012877	43.5069836783852
0	0	0	64.2482212565204	46.3717726540393	90.7704802026761	55.9067542545545	-0.770480202676094	0	0	-60.5700298985851	412.452504347066	-374.68539328053	-7.7845323669944	24.2163701637761	22.7836298362239	46.3717726540393
0	0	0	64.2511281805478	49.2365616296934	90.7675013222599	55.9067152406754	-0.767501322259889	0	0	-60.5700298985851	409.641195423204	-372.136626564614	-7.7845323669944	25.7124266288399	21.2875733711601	49.2365616296934
0	0	0	64.252522991646	52.1013506053475	90.7660719833054	55.906696574543	-0.766071983305439	0	0	-60.5700298985851	406.706014660321	-369.731552027984	-7.7845323669944	27.2084830939037	19.7915169060963	52.1013506053475
0	0	0	64.2530903732817	54.9661395810017	90.7654905561462	55.9066889914837	-0.765490556146163	0	0	-60.5700298985851	403.65429848171	-367.476181104444	-7.7845323669944	28.7045395589675	18.2954604410325	54.9661395810017
0	0	0	64.2532676437028	57.8309285566558	90.7653088973662	55.9066866234437	-0.765308897366163	0	0	-60.5700298985851	400.493674588514	-365.376151046729	-7.7845323669944	30.2005960240313	16.7994039759686	57.8309285566558
0	0	0	64.2533016956324	60.6957175323099	90.7652740024735	55.9066861686305	-0.765274002473535	0	0	-60.5700298985851	397.232042894447	-363.436710836307	-7.7845323669944	31.6966524890952	15.3033475109048	60.6957175323099
0	0	0	64.2533036417499	63.434948822922	90.7652720081795	55.9066861426379	-0.765272008179519	0	0	-60.5700298985851	394.026407780645	-361.736930304518	-7.7845323669944	33.1271399408593	13.8728600591407	63.434948822922
0	0	0	63.7533036417499	66.2997377985761	87.9004830325254	55.4066861426379	2.0995169674746	0	0	-60.5700298985851	390.377051342616	-360.612588457901	-11.0610683997817	34.6231964059231	12.3768035940769	66.2997377985761
0	0	0	63.2533036417499	69.1645267742303	85.0356940568713	54.9066861426379	4.96430594312871	0	0	-60.5700298985851	386.652111437641	-359.809759547751	-14.2825852721151	36.1192528709869	10.8807471290131	69.1645267742303
0	0	0	62.7533036417499	72.0293157498844	82.1709050812172	54.4066861426379	7.82909491878283	0	0	-60.5700298985851	382.88238924641	-359.331150139911	-17.4424345400812	37.6153093360507	9.38469066394927	72.0293157498844
0	0	0	62.2533036417499	74.8941047255385	79.306116105563	54.4407661946922	10.6938838944369	0	0	-60.5700298985851	379.235286510615	-358.66977066097	-20.6333511652514	39.1113658011145	7.88863419888545	74.8941047255385
0	0	0	61.7533036417499	77.7588937011926	76.4413271299089	54.46205452051	13.5586728700911	0	0	-60.5700298985851	375.548204795563	-358.339715287236	-23.7993662624307	40.6074222661784	6.39257773382163	77.7588937011926
0	0	0	61.4621625894939	80.6236826768467	73.5765381542548	54.4116202939949	16.4234618457452	0	0	-60.5700298985851	371.843447368635	-358.398450294223	-26.7063989354229	42.1034787312422	4.89652126875782	80.6236826768467
0	0	0	61.3629250515526	83.4884716525008	70.7117491786007	54.3725534323914	19.2882508213993	0	0	-60.5700298985851	368.170109364815	-358.76500711294	-29.3819952837768	43.599535196306	3.400464803694	83.4884716525008
0	0	0	61.3398066346269	86.353260628155	67.8469602029466	54.3634743849514	22.1530397970534	0	0	-60.5700298985851	364.556745547493	-359.417561008704	-31.9442028913448	45.0955916613698	1.90440833863018	86.353260628155
0	0	0	61.3398066346269	86.353260628155	67.8469602029466	54.3634743849514	22.1530397970534	0	0	-60.5700298985851	364.556745547493	-359.417561008704	-31.9442028913448	45.0955916613698	1.90440833863018	86.353260628155
0	0	0	61.3398066346269	86.353260628155	67.8469602029466	54.3634743849514	22.1530397970534	0	0	-60.5700298985851	364.556745547493	-359.417561008704	-31.9442028913448	45.0955916613698	1.90440833863018	86.353260628155
0	0	0	61.3398066346269	86.353260628155	67.8469602029466	54.3634743849514	22.1530397970534	0	0	-60.5700298985851	364.556745547493	-359.417561008704	-31.9442028913448	45.0955916613698	1.90440833863018	86.353260628155
0	0	0	61.3398066346269	86.353260628155	67.8469602029466	54.3634743849514	22.1530397970534	0	0	-60.5700298985851	364.556745547493	-359.417561008704	-31.9442028913448	45.0955916613698	1.90440833863018	86.353260628155
0	0	0	61.3398066346269	86.353260628155	67.8469602029466	54.3634743849514	22.1530397970534	0	0	-60.5700298985851	364.556745547493	-359.417561008704	-31.9442028913448	45.0955916613698	1.90440833863018	86.353260628155
0	0	0	61.3398066346269	86.353260628155	67.8469602029466	54.3634743849514	22.1530397970534	0	0	-60.5700298985851	364.556745547493	-359.417561008704	-31.9442028913448	45.0955916613698	1.90440833863018	86.353260628155
0	0	0	61.3398066346269	86.353260628155	67.8469602029466	54.3634743849514	22.1530397970534	0	0	-60.5700298985851	364.556745547493	-359.417561008704	-31.9442028913448	45.0955916613698	1.90440833863018	86.353260628155
0	0	0	61.3398066346269	86.353260628155	67.8469602029466	54.3634743849514	22.1530397970534	0	0	-60.5700298985851	364.556745547493	-359.417561008704	-31.9442028913448	45.0955916613698	1.90440833863018	86.353260628155
0	0	0	61.3398066346269	86.353260628155	67.8469602029466	54.3634743849514	22.1530397970534	0	0	-60.5700298985851	364.556745547493	-359.417561008704	-31.9442028913448	45.0955916613698	1.90440833863018	86.353260628155
0	0	0	61.3398066346269	86.353260628155	67.8469602029466	54.3634743849514	22.1530397970534	0	0	-60.5700298985851	364.556745547493	-359.417561008704	-31.9442028913448	45.0955916613698	1.90440833863018	86.353260628155
0	0	0	61.3398066346269	86.353260628155	67.8469602029466	54.3634743849514	22.1530397970534	0	0	-60.5700298985851	364.556745547493	-359.417561008704	-31.9442028913448	45.0955916613698	1.90440833863018	86.353260628155
0	0	0	61.3398066346269	86.353260628155	67.8469602029466	54.3634743849514	22.1530397970534	0	0	-60.5700298985851	364.556745547493	-359.417561008704	-31.9442028913448	45.0955916613698	1.90440833863018	86.353260628155
0	0	0	61.3398066346269	86.353260628155	67.8469602029466	54.3634743849514	22.1530397970534	0	0	-60.5700298985851	364.556745547493	-359.417561008704	-31.9442028913448	45.0955916613698	1.90440833863018	86.353260628155
0	0	0	61.3398066346269	86.353260628155	67.8469602029466	54.3634743849514	22.1530397970534	0	0	-60.5700298985851	364.556745547493	-359.417561008704	-31.9442028913448	45.0955916613698	1.90440833863018	86.353260628155
0	0	0	61.3398066346269	86.353260628155	67.8469602029466	54.3634743849514	22.1530397970534	0	0	-60.5700298985851	364.556745547493	-359.417561008704	-31.9442028913448	45.0955916613698	1.90440833863018	86.353260628155
0	0	0	61.3398066346269	86.353260628155	67.8469602029466	54.3634743849514	22.1530397970534	0	0	-60.5700298985851	364.556745547493	-359.417561008704	-31.9442028913448	45.0955916613698	1.90440833863018	86.353260628155
0	0	0	61.3398066346269	86.353260628155	67.8469602029466	54.3634743849514	22.1530397970534	0	0	-60.5700298985851	364.556745547493	-359.417561008704	-31.9442028913448	45.0955916613698	1.90440833863018	86.353260628155
0	0	0	61.3398066346269	86.353260628155	67.8469602029466	54.3634743849514	22.1530397970534	0	0	-60.5700298985851	364.556745547493	-359.417561008704	-31.9442028913448	45.0955916613698	1.90440833863018	86.353260628155
0	0	0	61.3398066346269	86.353260628155	67.8469602029466	54.3634743849514	22.1530397970534	0	0	-60.5700298985851	364.556745547493	-359.417561008704	-31.9442028913448	45.0955916613698	1.90440833863018	86.353260628155
0	0	0	61.3398066346269	86.353260628155	67.8469602029466	54.3634743849514	22.1530397970534	0	0	-60.5700298985851	364.556745547493	-359.417561008704	-31.9442028913448	45.0955916613698	1.90440833863018	86.353260628155
0	0	0	61.3398066346269	86.353260628155	67.8469602029466	54.3634743849514	22.1530397970534	0	0	-60.5700298985851	364.556745547493	-359.417561008704	-31.9442028913448	45.0955916613698	1.90440833863018	86.353260628155
0	0	0	61.3398066346269	86.353260628155	67.8469602029466	54.3634743849514	22.1530397970534	0	0	-60.5700298985851	364.556745547493	-359.417561008704	-31.9442028913448	45.0955916613698	1.90440833863018	86.353260628155
0	0	0	61.3398066346269	86.353260628155	67.8469602029466	54.3634743849514	22.1530397970534	0	0	-60.5700298985851	364.556745547493	-359.417561008704	-31.9442028913448	45.0955916613698	1.90440833863018	86.353260628155
0	0	0	61.3398066346269	86.353260628155	67.8469602029466	54.3634743849514	22.1530397970534	0	0	-60.5700298985851	364.556745547493	-359.417561008704	-31.9442028913448	45.0955916613698	1.90440833863018	86.353260628155
0	0	0	61.3398066346269	86.353260628155	67.8469602029466	54.3634743849514	22.1530397970534	0	0	-60.5700298985851	364.556745547493	-359.417561008704	-31.9442028913448	45.0955916613698	1.90440833863018	86.353260628155
0	0	0	61.3398066346269	86.353260628155	67.8469602029466	54.3634743849514	22.1530397970534	0	0	-60.5700298985851	364.556745547493	-359.417561008704	-31.9442028913448	45.0955916613698	1.90440833863018	86.353260628155
0	0	0	61.3398066346269	86.353260628155	67.8469602029466	54.3634743849514	22.1530397970534	0	0	-60.5700298985851	364.556745547493	-359.417561008704	-31.9442028913448	45.0955916613698	1.90440833863018	86.353260628155
0	0	0	61.3398066346269	86.353260628155	67.8469602029466	54.3634743849514	22.1530397970534	0	0	-60.5700298985851	364.556745547493	-359.417561008704	-31.9442028913448	45.0955916613698	1.90440833863018	86.353260628155
0	0	0	61.3398066346269	86.353260628155	67.8469602029466	54.3634743849514	22.1530397970534	0	0	-60.5700298985851	364.556745547493	-359.417561008704	-31.9442028913448	45.0955916613698	1.90440833863018	86.353260628155
0	0	0	61.3398066346269	86.353260628155	67.8469602029466	54.3634743849514	22.1530397970534	0	0	-60.5700298985851	364.556745547493	-359.417561008704	-31.9442028913448	45.0955916613698	1.90440833863018	86.353260628155
0	0	0	61.3398066346269	86.353260628155	67.8469602029466	54.3634743849514	22.1530397970534	0	0	-60.5700298985851	364.556745547493	-359.417561008704	-31.9442028913448	45.0955916613698	1.90440833863018	86.353260628155
0	0	0	61.3398066346269	86.353260628155	67.8469602029466	54.3634743849514	22.1530397970534	0	0	-60.5700298985851	364.556745547493	-359.417561008704	-31.9442028913448	45.0955916613698	1.90440833863018	86.353260628155
0	0	0	61.3398066346269	86.353260628155	67.8469602029466	54.3634743849514	22.1530397970534	0	0	-60.5700298985851	364.556745547493	-359.417561008704	-31.9442028913448	45.0955916613698	1.90440833863018	86.353260628155
0	0	0	61.3398066346269	86.353260628155	67.8469602029466	54.3634743849514	22.1530397970534	0	0	-60.5700298985851	364.556745547493	-359.417561008704	-31.9442028913448	45.0955916613698	1.90440833863018	86.353260628155
0	0	0	61.3398066346269	86.353260628155	67.8469602029466	54.3634743849514	22.1530397970534	0	0	-60.5700298985851	364.556745547493	-359.417561008704	-31.9442028913448	45.0955916613698	1.90440833863018	86.353260628155
